SITE_NO,Water,Developed,Mechanically_Disturbed_National_Forests,Mechanically_Disturbed_Other_Public_Lands,Mechanically_Disturbed_Private,Mining,Barren,Deciduous_Forest,Evergreen_Forest,Mixed_Forest,Grassland,Shrubland,Cultivated_Cropland,Hay_Pasture_land,Herbaceous_Wetland,Woody_Wetland,Perennial_Ice_Snow
7288500,1.94527638045,1.72719606874,-9999,-9999,-9999,0.00290773748946,0.00290773748946,1.11657119595,0.200633886773,0.694949259981,-9999,-9999,80.1517838969,5.61193335466,0.00581547497892,8.54002500654,-9999
7373500,0.33760972316,1.01282916948,-9999,-9999,-9999,-9999,0.270087778528,21.6070222822,10.3308575287,21.8771100608,-9999,-9999,19.3112761648,24.6455097907,-9999,0.607697501688,-9999
8136000,0.355850105793,0.787329288125,-9999,-9999,-9999,0.00437162292129,0.427544721702,0.603721125431,0.163935859548,-9999,15,75,7.58564009303,0.281969678423,0.0113662195954,0.00218581146065,-9999
2388350,0.634272199527,0.139754891421,-9999,-9999,-9999,0.451515803053,-9999,30.1763061707,22.0920232208,29.6495377338,-9999,-9999,4.99892496237,11.5674048592,-9999,0.290260159106,-9999
8103800,0.357512187915,0.511153789334,-9999,-9999,-9999,-9999,0.759344068548,5.4926872507,8.57733786379,-9999,33,43,3.97695375979,3.99763628306,0.0265918156301,-9999,-9999
8072760,0.226244343891,17.0814479638,-9999,-9999,-9999,0.0565610859729,0.622171945701,5.59954751131,1.52714932127,1.58371040724,2,5,21.4932126697,39.7624434389,4.24208144796,0.113122171946,-9999
2372250,0.240069838498,0.3982976866,-9999,-9999,-9999,0.0163683980794,-9999,16.766695766,23.0521606285,26.1894369271,-9999,-9999,17.0940637276,6.52007856831,0.152771715408,9.57005674378,-9999
2427500,1.64762934182,2.04726709708,-9999,-9999,-9999,0.0923139844001,0.00210335660658,29.3285034033,18.9427127458,25.220063685,-9999,-9999,9.25663871929,9.92725891736,0.185679647104,3.34982910228,-9999
2393419,0.654664484452,3.7643207856,-9999,-9999,-9999,0.490998363339,-9999,34.2062193126,16.3666121113,30.2782324059,-9999,-9999,7.20130932897,7.03764320786,-9999,-9999,-9999
2297310,0.0947306098283,1.51568975725,-9999,-9999,-9999,0.272350503256,-9999,-9999,7.55476613381,0.414446417999,40,0,14.3161634103,7.76791000592,7.17584369449,20.3670811131,-9999
7340500,0.861896171577,0.046769559698,-9999,-9999,-9999,0.0668136567114,0.0200440970134,48.6403420859,11.6790271932,32.3110843856,-9999,-9999,0.334068283557,5.84619496225,0.0868577537249,0.106901850738,-9999
2346180,0.966058995061,7.15121699629,-9999,-9999,-9999,0.103152089822,0.00198369403503,22.5169109916,19.4124298268,18.5316696753,-9999,-9999,11.3407787983,12.7333320109,0.126956418242,7.11551050366,-9999
7041000,0.303398058252,2.46763754045,-9999,-9999,-9999,0.404530744337,-9999,4.93527508091,0.182038834951,1.57766990291,1,-9999,83.9805825243,4.67233009709,0.0202265372168,0.627022653722,-9999
2423496,1.20559052598,8.88722927558,-9999,-9999,-9999,0.352075109357,-9999,36.7545076283,14.3177211138,29.5316334151,-9999,-9999,2.95529713005,5.61186386429,0.0320068281233,0.352075109357,-9999
8052745,0.192554557125,1.41206675225,-9999,-9999,-9999,-9999,-9999,2.43902439024,2.11810012837,1.026957638,3,0,50.1925545571,38.1258023107,-9999,1.21951219512,-9999
8155200,0.349087003222,3.41031149302,-9999,-9999,-9999,0.0268528464017,0.510204081633,8.94199785177,41.9709989259,-9999,32,12,0.375939849624,0.725026852846,-9999,-9999,-9999
7077555,0.369470909355,0.315503248438,-9999,-9999,-9999,0.00207567926604,0.0269838304585,9.57303277498,0.340411399631,2.78556157503,-9999,-9999,76.2376237624,3.76735786786,0.149448907155,6.43253004546,-9999
7364700,0.524934383202,4.40018527096,-9999,-9999,-9999,0.0771962328238,-9999,9.52601513046,50.548093253,19.0211517678,-9999,-9999,1.97622356029,3.01065308013,0.0617569862591,10.853790335,-9999
8167800,1.17089723991,1.58415508929,-9999,-9999,-9999,0.00335981991365,0.551010465839,3.51269171972,46.652779411,0.00839954978413,21,21,2.21748114301,1.73198716549,0.0268785593092,-9999,-9999
2365200,0.534487725736,1.33811466088,-9999,-9999,-9999,0.00379069309032,0.00454883170839,14.8739215478,21.5842064563,22.6023866204,0,-9999,22.6016284818,10.2841503541,0.212278813058,5.9551788449,-9999
7311200,1.55945419103,0.194931773879,-9999,-9999,-9999,-9999,-9999,12.2807017544,0.877192982456,0.194931773879,70,12,0.0974658869396,2.72904483431,-9999,-9999,-9999
2329000,1.28199712765,2.09934949734,-9999,-9999,-9999,0.0401284109149,0.0718087353214,3.63267719861,25.5427895582,8.10171496156,2,0,36.1789304722,5.99180535609,1.71496156121,13.5634028892,-9999
8062895,1.31394722671,3.94184168013,-9999,-9999,-9999,-9999,0.0753904146473,11.6316639742,0.333871836295,0.409262250942,0,0,15.4442649435,63.8772213247,1.10931610124,1.70166935918,-9999
2429595,0.306591722024,0.281042411855,-9999,-9999,-9999,-9999,-9999,5.2120592744,45.3244762391,17.7567705672,-9999,-9999,19.085334696,9.91313234543,0.102197240675,2.01839550332,-9999
7382000,1.11609367215,0.876930742402,-9999,-9999,-9999,0.279023418037,0.039860488291,12.7553562531,43.5475834579,12.6856003986,0,-9999,2.53114100648,3.62730443448,0.577977080219,21.6641753861,-9999
8037000,1.07560850859,2.2986430785,-9999,-9999,-9999,0.0165478232091,0.148930408882,25.041369558,7.02831182116,21.014231128,0,0,2.11511267563,33.0053855643,1.28471282005,6.9335379246,-9999
2390140,0.525812619503,0.57361376673,-9999,-9999,-9999,-9999,-9999,29.9713193117,10.5640535373,25.1912045889,-9999,-9999,8.55640535373,24.5219885277,-9999,0.0956022944551,-9999
8164390,0.28118609407,0.519768234492,-9999,-9999,-9999,-9999,0.153374233129,23.8582140423,9.9054192229,0.741308793456,26,15,4.10702113156,17.7402862986,1.9299591002,0.298227675528,-9999
8017200,1.57037037037,3.58518518519,-9999,-9999,-9999,0.0296296296296,0.0296296296296,14.0148148148,0.474074074074,0.296296296296,-9999,-9999,27.6740740741,49.4814814815,1.80740740741,1.03703703704,-9999
2430880,-9999,-9999,-9999,-9999,-9999,-9999,-9999,34.6965699208,14.2480211082,43.1398416887,-9999,-9999,5.54089709763,2.3746701847,-9999,-9999,-9999
8022500,2.81495017106,2.53688135896,-9999,-9999,-9999,0.448385959511,0.196634374271,23.790773081,4.59111470835,12.3978966081,0,0,6.19795520113,38.4574132649,1.47227504978,6.95916857425,-9999
8059000,0.964467005076,1.42131979695,-9999,-9999,-9999,-9999,0.0126903553299,8.52791878173,6.81472081218,2.06852791878,13,1,29.4035532995,37.0939086294,0.0634517766497,-9999,-9999
7366200,0.4,1.22857142857,-9999,-9999,-9999,0.157142857143,-9999,10.4428571429,52.5571428571,20.7571428571,-9999,-9999,2.74285714286,3.75714285714,-9999,7.95714285714,-9999
2337170,3.23326448221,15.5020655338,-9999,-9999,-9999,0.0903671016806,0.00352079616937,32.2035489625,12.9436203173,23.0565205145,-9999,-9999,4.06182518073,8.3689324946,0.0293399680781,0.50699464839,-9999
8068090,3.81698187549,4.29472025217,-9999,-9999,-9999,0.0886524822695,0.22901891253,6.70311268716,17.2552206462,29.4473995272,0,0,0.948089046493,31.3805161545,1.77304964539,3.79728132388,-9999
2343801,2.54207852303,5.63107482,-9999,-9999,-9999,0.060932173954,0.0014717916414,29.1644344493,21.5034645975,23.0447248044,0,-9999,8.79248326573,6.26129600085,0.117154614656,2.87911880891,-9999
7351000,0.69244085401,9.7230236584,-9999,-9999,-9999,0.461627236007,0.144258511252,26.3704558569,15.7241777265,25.3606462781,0,-9999,4.15464512406,11.9734564339,0.0865551067513,5.27986151183,-9999
2490500,0.662576687117,1.97300613497,-9999,-9999,-9999,0.0196319018405,0.0196319018405,13.3595092025,30.5668711656,17.1337423313,-9999,-9999,11.9116564417,24.3435582822,0.00981595092025,-9999,-9999
7341200,1.1341974838,0.600457491422,-9999,-9999,-9999,-9999,0.0285932138772,30.5852077774,17.5943576058,36.1608844834,-9999,-9999,1.21044605414,10.1505909264,0.200152497141,2.33511246664,-9999
2360500,0.413086582948,0.23959021811,-9999,-9999,-9999,0.0165234633179,-9999,16.8621943159,17.4983476537,21.2161269002,0,-9999,25.4957038995,9.69927296761,0.206543291474,8.34434897555,-9999
8158035,-9999,97.8873239437,-9999,-9999,-9999,-9999,-9999,1.40845070423,-9999,-9999,-9999,-9999,0.704225352113,-9999,-9999,-9999,-9999
8018730,0.580973129993,0.508351488744,-9999,-9999,-9999,-9999,0.0726216412491,16.4851125635,0.290486564996,2.25127087872,-9999,-9999,5.51924473493,70.3703703704,1.16194625999,2.75962236747,-9999
8063100,5.01846621768,0.666232167427,-9999,-9999,-9999,-9999,0.181041349844,9.84140777754,2.13628792816,-9999,6,0,28.4886668115,47.7876747049,0.0796581939315,-9999,-9999
2355662,0.969708740558,2.32230676923,-9999,-9999,-9999,0.0815027017279,0.0156069003309,20.2705889697,18.3062004481,13.3830904437,0,0,24.2576317743,10.614773145,0.424854509007,9.34402463809,-9999
7289730,0.904047882213,0.792475652228,-9999,-9999,-9999,0.00104273112135,0.00104273112135,23.294613251,17.5387374612,11.5242643532,-9999,-9999,18.2842902129,19.7795666409,0.00625638672812,7.87366269734,-9999
8100500,1.15818378948,1.04773581656,-9999,-9999,-9999,0.0141859781739,0.571492263575,7.41926658493,4.27808570357,0.0162125464844,32,38,11.9567530323,3.44921926456,0.0243188197266,0.0537040602296,-9999
2296500,0.24682651622,4.60507757405,-9999,-9999,-9999,0.0141043723554,0.0916784203103,-9999,4.82369534556,0.275035260931,32,0,13.8575458392,15.4442877292,5.59238363893,22.5528913963,-9999
2300530,1.50602409639,37.9518072289,-9999,-9999,-9999,-9999,-9999,-9999,5.12048192771,-9999,15,-9999,12.0481927711,2.71084337349,7.8313253012,18.0722891566,-9999
2492360,0.939875604699,0.165860400829,-9999,-9999,-9999,-9999,-9999,8.04422944022,32.1630960608,20.995162405,-9999,-9999,6.89702833449,22.2252937111,0.0414651002073,8.52798894264,-9999
7025400,0.34026959822,0.143960214632,-9999,-9999,-9999,0.00654364611962,-9999,27.4898573485,1.57047506871,3.63172359639,-9999,-9999,29.7670461981,31.0757754221,-9999,5.97434890721,-9999
8136700,0.309994028641,0.937632579578,-9999,-9999,-9999,0.0171887714599,0.957802062851,0.557790537432,0.276808770446,0.00149035590693,31,43,21.8572616598,1.4155400404,0.0310987599245,0.00119228472554,-9999
7340000,1.43928278891,0.310539438509,-9999,-9999,-9999,0.024303086492,0.0225028578629,41.603283617,12.3828726248,30.0197125035,0,-9999,0.303338523993,11.4692565956,0.208826520968,1.7237189123,-9999
8078000,0.281531531532,1.8018018018,-9999,-9999,-9999,-9999,0.112612612613,9.00900900901,11.5990990991,-9999,2,1,30.6306306306,40.5405405405,1.8018018018,1.23873873874,-9999
2299861,3.125,75.4464285714,-9999,-9999,-9999,-9999,0.446428571429,-9999,3.125,-9999,2,3,0.892857142857,4.91071428571,1.33928571429,5.80357142857,-9999
8162500,0.624792547126,1.15843393078,-9999,-9999,-9999,0.0307443024829,0.750844187306,3.07739081076,7.83262346257,0.0052379182008,26,42,15.3266610606,3.3077453438,0.074241797107,0.0207239372292,-9999
2294898,9.117824167,19.2944600562,-9999,-9999,-9999,1.43516659976,1.15415495785,0.160578081092,5.41449217182,0.180650341228,16,2,22.7769971899,4.10477719791,7.15576073866,10.4576475311,-9999
8195000,0.198093351492,0.321901696174,-9999,-9999,-9999,0.00619041723412,0.903800916182,1.67141265321,58.4499195246,-9999,20,16,1.41141512938,1.22570261236,0.0185712517024,-9999,-9999
2445000,0.107735401853,1.29282482224,-9999,-9999,-9999,-9999,-9999,30.8338720103,14.7597500539,34.1090282267,-9999,-9999,6.20555914674,6.07627666451,0.215470803706,6.39948287007,-9999
2484500,0.602316602317,1.26640926641,-9999,-9999,-9999,0.010296010296,-9999,26.749034749,26.4658944659,13.8481338481,-9999,-9999,11.5057915058,8.85971685972,0.0617760617761,10.6306306306,-9999
2309980,3.52664576803,5.87774294671,-9999,-9999,-9999,0.0783699059561,-9999,-9999,27.1159874608,0.822884012539,27,1,8.18965517241,2.93887147335,2.31191222571,21.0031347962,-9999
2300038,0.588235294118,47.6470588235,-9999,-9999,-9999,0.588235294118,-9999,-9999,8.82352941176,-9999,10,-9999,6.47058823529,7.64705882353,3.52941176471,14.7058823529,-9999
2300039,2.12765957447,14.8936170213,-9999,-9999,-9999,-9999,2.12765957447,-9999,10.6382978723,4.25531914894,19,-9999,10.6382978723,2.12765957447,4.25531914894,29.7872340426,-9999
7047950,0.633083114769,0.895360405173,-9999,-9999,-9999,0.0271321334901,-9999,7.89545084562,0.132645985952,3.5633535317,-9999,-9999,74.6525579573,3.50305990172,0.0060293629978,8.69132676133,-9999
2300032,0.490596892886,1.1447260834,-9999,-9999,-9999,-9999,0.163532297629,-9999,9.0760425184,0.327064595258,42,0,17.4161896975,10.5478331971,4.98773507768,14.1455437449,-9999
2300033,0.468018720749,1.32605304212,-9999,-9999,-9999,-9999,0.15600624025,-9999,8.73634945398,0.312012480499,42,0,16.7706708268,10.9984399376,5.61622464899,13.5725429017,-9999
7311500,1.20069974555,0.310114503817,-9999,-9999,-9999,-9999,0.0278307888041,1.07347328244,0.385655216285,0.174936386768,23,8,40.7402989822,24.9721692112,0.409510178117,-9999,-9999
2300034,-9999,16.3636363636,-9999,-9999,-9999,-9999,-9999,-9999,7.27272727273,0.909090909091,31,-9999,14.5454545455,13.6363636364,6.36363636364,10,-9999
8050400,0.625084930018,1.83448838157,-9999,-9999,-9999,-9999,0.0135888028265,3.09824704444,1.04633781764,0.869683380894,35,1,20.3560266341,35.4531865743,0.0135888028265,0.0135888028265,-9999
2365769,0.471003826906,1.56020017663,-9999,-9999,-9999,-9999,0.0294377391816,11.6867824551,46.7765675596,25.2281424787,-9999,-9999,5.06329113924,4.94554018251,0.0588754783633,4.18015896379,-9999
8185065,0.432084217142,5.00432084217,-9999,-9999,-9999,0.157121533506,0.487076753869,6.37127818368,48.4170005499,-9999,23,6,4.32869824809,5.60923874617,0.0471364600519,-9999,-9999
8102500,1.9274300035,1.25778113126,-9999,-9999,-9999,0.0309897868442,0.778113126196,8.51208601687,7.78045757094,0.0107790562936,32,33,10.1761028322,4.39313913067,0.0397477700827,0.0357056239726,-9999
2362240,0.226500566251,0.339750849377,-9999,-9999,-9999,-9999,-9999,8.83352208381,15.6285390713,18.6862967157,-9999,-9999,36.5798414496,13.1370328426,-9999,6.56851642129,-9999
7352800,0.357051772507,0.178525886254,-9999,-9999,-9999,-9999,-9999,18.6942106605,21.142565672,21.2955878602,-9999,-9999,15.3787299158,13.4659525631,-9999,9.48737566947,-9999
8028500,4.92043178764,1.93068426622,-9999,-9999,-9999,0.271397712797,0.140217293077,21.1637743813,14.8921842706,18.6996230749,0,0,4.24354082189,25.8209707934,1.06810012856,6.76599453706,-9999
2423425,1.2737322759,6.35664503725,-9999,-9999,-9999,0.384522951214,-9999,38.8968997837,14.1432347993,29.8005287191,-9999,-9999,2.90795481855,5.80389329488,0.0360490266763,0.396539293439,-9999
7359800,0.11997120691,0.46388866672,-9999,-9999,-9999,0.0159961609214,0.0399904023034,56.6104135008,10.1815564265,19.3473566344,-9999,-9999,0.431896344877,12.6369671279,0.151963528753,-9999,-9999
7336750,0.44814340589,0.320102432778,-9999,-9999,-9999,-9999,0.0640204865557,31.1779769526,0.192061459667,0.928297055058,-9999,-9999,5.56978233035,57.2983354673,1.31241997439,2.68886043534,-9999
8062900,1.35512568532,3.84814316748,-9999,-9999,-9999,-9999,0.0724112961622,12.2375090514,0.351712009931,0.393089893452,0,0,14.8443157133,63.4840177925,1.10685838419,1.98613840902,-9999
2324400,-9999,-9999,-9999,-9999,-9999,-9999,-9999,0.621712099474,32.5203252033,3.7780966045,0,0,0.0478240076518,0.0478240076518,6.07364897178,56.7192730751,-9999
8174600,0.514030946761,0.776291633884,-9999,-9999,-9999,0.0996590611067,0.262260687123,34.4662995017,4.68397587202,-9999,24,14,2.71177550485,18.2533438238,0.0786782061369,0.0157356412274,-9999
8061950,0.933609958506,60.3734439834,-9999,-9999,-9999,-9999,-9999,6.43153526971,1.65975103734,0.726141078838,3,0,2.17842323651,23.755186722,0.207468879668,-9999,-9999
2370000,0.327523686981,0.0818809217452,-9999,-9999,-9999,-9999,0.011697274535,4.59702889227,58.5799508714,17.7564627442,-9999,-9999,10.0362615511,4.72569891215,0.0701836472102,3.81331149842,-9999
8098300,0.310237849018,0.206825232678,-9999,-9999,-9999,-9999,0.103412616339,10.5480868666,1.55118924509,-9999,8,12,54.4984488108,12.202688728,-9999,-9999,-9999
8158840,0.275482093664,22.3140495868,-9999,-9999,-9999,-9999,0.550964187328,9.36639118457,44.0771349862,-9999,9,12,0.550964187328,1.92837465565,-9999,-9999,-9999
7342465,0.434432823813,1.64119066774,-9999,-9999,-9999,0.0160901045857,0.289621882542,15.3499597747,0.804505229284,0.466613032985,0,-9999,22.8801287208,54.1271118262,1.8020917136,2.10780370072,-9999
8201500,-9999,-9999,-9999,-9999,-9999,-9999,1.22797650828,4.96529631607,70.7421249333,-9999,9,12,0.747463961559,1.70848905499,-9999,-9999,-9999
8150000,0.08955805049,0.389382828217,-9999,-9999,-9999,0.00259588552145,0.419235511714,0.964371471218,14.6940099942,-9999,21,60,0.512687390486,2.23765331949,0.0051917710429,-9999,-9999
2366000,0.577395577396,1.10565110565,-9999,-9999,-9999,-9999,-9999,14.6805896806,24.7297297297,16.6031941032,0,-9999,21.6953316953,10.9398034398,0.300982800983,9.34889434889,-9999
7032200,0.604551920341,9.10384068279,-9999,-9999,-9999,-9999,-9999,10.4196301565,0.960170697013,4.05405405405,-9999,-9999,39.9004267425,29.4096728307,-9999,5.54765291607,-9999
8083480,1.82622068435,11.3417916186,-9999,-9999,-9999,0.115340253749,0.36524413687,1.49942329873,7.9969242599,0.0576701268743,21,15,22.4721261053,18.4352172241,0.173010380623,-9999,-9999
2320700,11.3960867266,2.96139608673,-9999,-9999,-9999,0.661025912216,0.264410364886,0.0264410364886,46.6419883659,-9999,8,2,6.10787942887,0.634584875727,3.43733474352,17.0544685352,-9999
7281960,0.620592383639,0.423131170663,-9999,-9999,-9999,-9999,-9999,20.2538787024,9.05500705219,6.20592383639,-9999,-9999,32.6375176305,23.5260930889,-9999,7.2778561354,-9999
8023080,0.299301629531,1.09743930828,-9999,-9999,-9999,-9999,0.0332557366146,25.972730296,16.8939142002,27.1699368141,-9999,-9999,2.85999334885,17.3594945128,0.399068839375,7.91486531427,-9999
2296223,0.569653029518,8.64836872087,-9999,-9999,-9999,-9999,0.0517866390471,-9999,2.53754531331,0.103573278094,19,0,4.97151734852,13.153806318,4.91973070948,46.2972553081,-9999
8034500,2.19183334398,4.8884912774,-9999,-9999,-9999,-9999,0.460093296696,25.1581570707,4.46034890408,15.9626813215,-9999,0,2.6199757173,38.2260847338,1.10550194901,4.92044220078,-9999
7385700,1.54337484633,3.0600245871,-9999,-9999,-9999,0.100219145866,0.0334063819552,6.53428831044,11.1497140414,4.55930300925,0,-9999,37.4258378321,15.2987866802,2.83419744508,17.3218771714,-9999
2476600,1.91157257787,5.1915010658,-9999,-9999,-9999,-9999,-9999,24.8229388709,17.3416764079,27.9515918311,-9999,-9999,9.62662449288,7.41250085952,0.495083545348,5.24651034862,-9999
8192000,0.120570961845,0.202248065031,-9999,-9999,-9999,0.0129646195532,0.863443662246,0.490062619112,37.6777773456,0.0363009347491,16,43,1.35869212918,0.644341591796,0.0103716956426,-9999,-9999
2464360,0.0421407501054,0.0421407501054,-9999,-9999,-9999,-9999,-9999,34.7661188369,15.8027812895,36.409608091,-9999,-9999,6.02612726507,5.22545301306,0.0421407501054,1.64348925411,-9999
8075000,0.229463056448,62.0238641579,-9999,-9999,-9999,-9999,0.275355667737,8.21477742084,0.52776502983,1.03258375402,1,1,14.4561725562,10.6700321248,0.275355667737,0.252409362093,-9999
2411930,0.372472507982,0.673997871586,-9999,-9999,-9999,-9999,-9999,35.5622561192,21.7541681447,20.8229868748,-9999,-9999,9.24086555516,9.87052146151,0.00886839304718,1.69386307201,-9999
2400680,0.432525951557,5.57958477509,-9999,-9999,-9999,0.0865051903114,-9999,39.6626297578,15.9602076125,21.1937716263,-9999,-9999,6.4446366782,10.6401384083,-9999,-9999,-9999
2433500,1.08816429748,0.701176290279,-9999,-9999,-9999,0.00383156442776,0.030652515422,24.9971263267,15.3415839687,14.7055442737,0,-9999,14.7860071267,19.8973140733,0.467450860186,7.97348557416,-9999
7024300,0.300816501934,2.2776106575,-9999,-9999,-9999,-9999,-9999,33.2187365707,4.68414267297,8.20799312419,-9999,-9999,20.1547056296,23.6785560808,-9999,7.47743876235,-9999
8063800,5.6483911062,5.51028863417,-9999,-9999,-9999,0.0414307416103,0.096671730424,6.39414445519,3.20397735119,0.662891865764,9,0,21.1711089629,48.1425217511,0.0690512360171,0.138102472034,-9999
2463500,0.290437890974,2.34584450402,-9999,-9999,-9999,1.54155495979,-9999,34.2046470063,16.5102770331,35.7238605898,-9999,-9999,4.95978552279,4.2672028597,0.0223413762288,0.134048257373,-9999
8033300,0.0301204819277,0.120481927711,-9999,-9999,-9999,-9999,-9999,12.1987951807,39.3975903614,20.1204819277,-9999,0,0.933734939759,24.5180722892,0.66265060241,1.98795180723,-9999
7292500,0.576012545614,0.211104074309,-9999,-9999,-9999,0.00301577249012,0.467444735969,21.8945082783,39.385988721,21.1164389758,0,-9999,5.37109080491,9.24635845472,0.0392050423716,1.68581682198,-9999
2339225,0.080289040546,0.240867121638,-9999,-9999,-9999,-9999,-9999,34.8855881172,22.0393416299,22.4809313529,-9999,-9999,10.5981533521,8.39020473705,0.040144520273,1.24448012846,-9999
8024500,0.2361739815,0.511710293249,-9999,-9999,-9999,-9999,-9999,22.7514268845,21.3343829955,31.3127337138,-9999,-9999,1.98779767762,15.272584137,0.669159614249,5.92403070262,-9999
2311500,0.710371422772,2.89560922806,-9999,-9999,-9999,0.297679453352,0.175901495163,-9999,13.571476896,1.54252080373,18,0,9.39719910696,4.78993302212,8.88302550572,39.0771936946,-9999
2424590,0.709613220013,3.96730885304,-9999,-9999,-9999,0.398035921111,0.0032625895173,27.4220648929,22.8707525163,28.9636384398,-9999,-9999,4.94608570823,6.14671865059,0.097877685519,4.47464152298,-9999
8186000,0.356986100951,3.73957571324,-9999,-9999,-9999,0.0643745427944,0.368690563277,9.00658376006,19.8156547184,-9999,18,14,14.4374542794,19.7688368691,0.102414045355,-9999,-9999
2298530,0.404858299595,5.66801619433,-9999,-9999,-9999,-9999,-9999,-9999,14.5748987854,-9999,25,0,28.7449392713,-9999,5.66801619433,19.8380566802,-9999
2322500,1.64649212051,2.12196084131,-9999,-9999,-9999,0.53775719951,0.045678217719,0.0394493698482,48.215435085,0.490002699167,11,1,16.9113219691,1.98700247078,1.60911903328,14.297282146,-9999
8165500,0.234899328859,0.302013422819,-9999,-9999,-9999,-9999,0.293624161074,1.91275167785,49.3540268456,-9999,15,30,0.0922818791946,2.07214765101,0.0251677852349,-9999,-9999
8074250,-9999,85.9611231102,-9999,-9999,-9999,-9999,-9999,4.10367170626,-9999,1.07991360691,-9999,-9999,1.51187904968,6.47948164147,0.647948164147,0.215982721382,-9999
7027500,0.570592538405,1.82394537918,-9999,-9999,-9999,0.00487685930261,-9999,36.4106315533,5.73518653987,7.11533772251,-9999,-9999,18.4930504755,22.6530114606,1.38502804194,5.80833942941,-9999
2398000,0.289235412475,2.37676056338,-9999,-9999,-9999,0.0754527162978,-9999,36.2173038229,13.2168008048,26.0563380282,-9999,-9999,3.72233400402,18.0080482897,-9999,0.0377263581489,-9999
7361000,3.02015543059,0.221141088014,-9999,-9999,-9999,0.063183168004,0.0505465344032,43.0024641436,19.5551904973,26.9728944209,-9999,-9999,0.410690592026,6.52682125482,0.176912870411,-9999,-9999
8038500,3.11291167883,2.10799524162,-9999,-9999,-9999,0.0116463825504,0.103153674018,24.4723772762,11.4916520394,23.6596261511,0,0,1.63881240173,26.3407897911,1.17378898419,5.84482027136,-9999
7285400,0.680748823706,0.810891981179,-9999,-9999,-9999,0.0900991090199,0.0100110121133,35.5791370508,18.3601962158,12.283511863,-9999,-9999,14.1055160677,16.3279607568,-9999,1.75192711983,-9999
2480500,0.156168662155,-9999,-9999,-9999,-9999,-9999,-9999,2.34252993233,51.8479958355,16.1634565331,0,-9999,2.23841749089,3.20145757418,0.0260281103592,23.9979177512,-9999
8208000,0.45630414669,1.02615863403,-9999,-9999,-9999,0.405837328623,0.3637816469,10.6148540668,2.78408613004,0.500462612499,10,38,12.4421734376,22.8740852889,0.170325510977,0.224997897216,-9999
8062650,5.97856063695,3.23029329241,-9999,-9999,-9999,0.0431665027938,0.218230653013,15.2713494328,0.242212043454,1.2614211372,1,0,7.16803760282,62.9991126886,1.14631046308,1.38852250653,-9999
2301500,4.4340974212,10.7091690544,-9999,-9999,-9999,5.37249283668,2.1776504298,0.214899713467,9.98567335244,0.293696275072,21,2,19.6131805158,3.25931232092,7.33524355301,14.2406876791,-9999
8191500,0.115514367099,0.200837479161,-9999,-9999,-9999,0.0131266326249,0.861107100196,0.438429529673,38.0554206429,0.0183772856749,16,43,1.27590869114,0.637954345572,0.0105013060999,-9999,-9999
2344350,0.681302043906,41.6351249054,-9999,-9999,-9999,0.473126419379,-9999,14.5722937169,13.4557153671,13.1907645723,-9999,-9999,5.54504163512,4.46631339894,0.189250567752,5.7910673732,-9999
8066100,0.141828496618,1.16735762601,-9999,-9999,-9999,-9999,0.120008727907,14.8374427231,15.3502072878,24.0235653502,0,-9999,1.52738380973,35.6535020729,1.30918612263,5.85860789876,-9999
8059500,1.4108593416,0.555793073963,-9999,-9999,-9999,-9999,0.106883283454,12.5480974776,4.55322787516,2.09491235571,11,0,22.8730226593,44.0359127832,0.513039760581,-9999,-9999
23000355,6.12244897959,10.8843537415,-9999,-9999,-9999,2.49433106576,1.81405895692,-9999,6.34920634921,2.04081632653,17,2,18.1405895692,5.66893424036,12.0181405896,15.1927437642,-9999
8204005,0.165898617512,5.05069124424,-9999,-9999,-9999,-9999,0.423963133641,1.12442396313,9.84331797235,0.0921658986175,16,38,28.4055299539,0.940092165899,0.0184331797235,-9999,-9999
7350500,2.02293190111,0.932364126217,-9999,-9999,-9999,0.0381016019836,0.310343078419,13.6010514364,3.98407742062,5.18170345054,25,8,24.9263426238,14.7467692778,0.392839339771,1.59515655792,-9999
7354500,-9999,-9999,-9999,-9999,-9999,-9999,-9999,23.3183856502,53.8116591928,19.2825112108,-9999,-9999,0.448430493274,1.79372197309,-9999,1.34529147982,-9999
2479980,-9999,6.19469026549,-9999,-9999,-9999,-9999,-9999,5.30973451327,24.1887905605,22.418879056,-9999,-9999,16.5191740413,24.4837758112,0.294985250737,0.589970501475,-9999
7343200,1.21906872846,1.86669899046,-9999,-9999,-9999,0.012121422016,0.114287693293,17.0375244593,0.22684375487,0.784429167605,0,0,20.8505774992,52.0909452978,2.17492943601,3.56196644098,-9999
2438000,0.120877223277,0.759799689173,-9999,-9999,-9999,0.0259022621309,-9999,43.0927300984,17.2163702297,24.8143671214,-9999,-9999,5.30132964946,8.59955102746,-9999,0.0690726990157,-9999
7363300,-9999,6,-9999,-9999,-9999,-9999,-9999,4,52,4,-9999,-9999,-9999,-9999,-9999,34,-9999
2421000,0.7001070752,3.63232023721,-9999,-9999,-9999,-9999,-9999,15.2458611317,10.452186805,14.2986574417,-9999,-9999,28.2925623919,17.5109134338,0.263569722428,9.60382176098,-9999
2333500,0.175915560531,0.431792739485,-9999,-9999,-9999,0.0159923236846,-9999,48.0569326723,11.562450024,30.1455301455,-9999,-9999,2.84663361586,6.7647529186,-9999,-9999,-9999
8069000,0.765723135163,10.2383205713,-9999,-9999,-9999,0.0602254151252,0.602254151252,5.87627979007,4.8954658866,7.99277295018,1,2,15.6155897789,46.8209584445,3.60492127678,0.567839628323,-9999
2358000,1.98276468025,3.73244485682,-9999,-9999,-9999,0.0659328300507,0.00773199499529,23.4224621484,19.6339251824,17.6581895885,0,0,18.4169091701,8.59066818495,0.348642683424,6.08086260948,-9999
7371500,1.77261613692,2.24123879381,-9999,-9999,-9999,0.040749796251,0.027166530834,25.0882912252,35.438739473,17.9027438196,-9999,-9999,4.99864167346,4.06818799239,-9999,8.42162455854,-9999
7349430,0.225479143179,0.215230091217,-9999,-9999,-9999,-9999,0.0409962078508,34.7442861535,19.7499231321,20.8875679,-9999,-9999,2.33678384749,18.4892897407,0.122988623552,3.1874551604,-9999
2454055,0.21339461589,0.853578463559,-9999,-9999,-9999,1.78923177938,-9999,40.9389363099,17.2193040053,28.1024294156,-9999,-9999,4.48128693368,6.33617859488,-9999,0.0656598818122,-9999
2336000,4.26009714552,8.0178321911,-9999,-9999,-9999,0.029942111917,0.00499035198616,36.3513873179,12.1498436356,25.246190698,-9999,-9999,3.90245525318,9.90917559385,0.0133076052964,0.114778095682,-9999
2312700,2.62475912021,11.1568875008,-9999,-9999,-9999,0.325603030102,0.418632467274,0.0730945577779,22.6593129112,0.112964316566,16,1,30.0418632467,2.3190909695,6.06684829557,6.98385274769,-9999
8111500,1.36029988342,1.19842600686,-9999,-9999,-9999,0.0638831525047,0.510736208093,6.91106039453,4.46578878969,0.424096396113,27,15,28.8772686744,13.3483435894,0.235024198828,0.144107231573,-9999
2376000,0.22349936143,1.62835249042,-9999,-9999,-9999,-9999,-9999,4.21455938697,33.2694763729,12.1966794381,-9999,-9999,23.595146871,22.5415070243,0.191570881226,2.13920817369,-9999
2293986,8.80973321607,18.4549985342,-9999,-9999,-9999,0.322486074465,0.0732922896511,0.263852242744,4.13368513632,0.131926121372,15,0,28.4374083846,6.14189387276,8.56053943125,8.91234242158,-9999
8159500,0.577229500621,1.16379697462,-9999,-9999,-9999,0.0195086322724,0.764643221018,2.31950500414,7.65803032998,0.00463924791843,27,43,15.417886204,2.05102340025,0.0276570548984,0.0014869384354,-9999
8074020,0.126262626263,49.9368686869,-9999,-9999,-9999,-9999,0.0631313131313,4.60858585859,1.13636363636,7.70202020202,-9999,-9999,10.9217171717,22.7272727273,1.64141414141,1.13636363636,-9999
8154700,0.426439232409,26.012793177,-9999,-9999,-9999,-9999,0.106609808102,11.8336886994,47.7611940299,-9999,2,11,0.106609808102,0.959488272921,-9999,-9999,-9999
7373000,0.378967314069,0.994789199432,-9999,-9999,-9999,-9999,-9999,17.1009000474,57.2240644244,16.4377072477,-9999,-9999,1.70535291331,2.55802936997,-9999,3.60018948366,-9999
2303000,0.878521660103,24.4269413309,-9999,-9999,-9999,0.414015954761,0.0908815510451,0.282742603252,8.51257194789,1.23194991417,19,1,13.0869433505,5.79622336666,7.75522568919,17.7118045037,-9999
2379500,0.0896860986547,0.107623318386,-9999,-9999,-9999,-9999,-9999,61.2735426009,10.2780269058,22.869955157,-9999,-9999,0.484304932735,4.89686098655,-9999,-9999,-9999
7027800,0.603517496827,2.57466262595,-9999,-9999,-9999,0.00518040769809,0.00259020384904,22.9647473256,3.55894008858,5.2814256482,-9999,-9999,33.8565545108,21.7421711089,1.31064314762,8.09956743596,-9999
7382500,2.07684643169,2.38510399801,-9999,-9999,-9999,0.230414746544,0.0747291069872,10.6644663096,24.9875451488,9.64316851414,0,-9999,21.3694108855,7.38261302777,1.02441150828,19.9962635447,-9999
8085500,1.01728241127,1.56818549668,-9999,-9999,-9999,0.0137875636176,0.378858269841,0.877008937938,2.13047830857,0.0569486323336,28,17,34.9844440315,14.1034786622,0.206813454264,0.00299729643861,-9999
2456330,-9999,2.53731343284,-9999,-9999,-9999,-9999,-9999,53.2835820896,13.2835820896,25.5223880597,-9999,-9999,3.13432835821,2.23880597015,-9999,-9999,-9999
2374950,0.12417732522,0.322861045573,-9999,-9999,-9999,0.111759592698,-9999,7.09052527009,48.9755370669,14.392151993,-9999,-9999,14.7646839687,9.28846392649,0.285607848007,4.64423196324,-9999
2392000,0.338236450877,0.84952410918,-9999,-9999,-9999,0.0786596397388,-9999,44.8084637772,16.6522457327,27.2201683316,-9999,-9999,2.29686148037,7.74797451428,-9999,0.00786596397388,-9999
2411000,1.7198072708,2.29164378525,-9999,-9999,-9999,0.1026679337,0.00119381318256,33.3942973932,19.5749547545,26.079565261,-9999,-9999,6.20926112515,9.82460496722,0.0974151556971,0.704588540348,-9999
8075400,0.371747211896,46.7162329616,-9999,-9999,-9999,-9999,0.123915737299,9.2936802974,1.61090458488,0.371747211896,1,2,22.3048327138,16.1090458488,0.123915737299,-9999,-9999
7363500,0.693101225016,0.851984894538,-9999,-9999,-9999,0.219904209266,0.0161186331399,23.0116514691,40.4658284977,12.8407939578,-9999,-9999,1.34245187437,6.11817260753,0.0932578060238,14.3467348255,-9999
7346045,0.781402617699,0.703262355929,-9999,-9999,-9999,0.227909096829,0.182327277463,37.3966269454,11.8252262812,19.8150680471,0,-9999,1.52373510451,21.7034577066,0.970241583643,4.69492739467,-9999
8104900,0.328227571116,1.14879649891,-9999,-9999,-9999,0.328227571116,0.674690007294,9.57330415755,37.6002917578,-9999,28,19,2.352297593,1.07585703866,0.072939460248,-9999,-9999
2303205,1.01123595506,42.0224719101,-9999,-9999,-9999,-9999,0.112359550562,-9999,12.1348314607,0.449438202247,9,1,13.3707865169,4.60674157303,3.8202247191,13.1460674157,-9999
8058500,1.64348925411,0.31605562579,-9999,-9999,-9999,-9999,-9999,5.18331226296,5.37294563843,1.45385587863,24,1,21.7446270544,39.9494310999,-9999,-9999,-9999
2342500,0.710705468692,0.905214333807,-9999,-9999,-9999,0.0748111019675,-9999,35.3482456797,15.0744370465,23.079224957,-9999,-9999,15.7851425151,3.9201017431,0.164584424329,4.93753272986,-9999
8144500,0.0402815468114,0.180206919946,-9999,-9999,-9999,-9999,0.0742028493894,0.523660108548,2.91723202171,-9999,22,72,0.782310040706,1.83599050204,-9999,-9999,-9999
7362587,-9999,-9999,-9999,-9999,-9999,-9999,-9999,42.7807486631,32.174688057,25.0445632799,-9999,-9999,-9999,-9999,-9999,-9999,-9999
8044000,1.92210419828,1.3295758364,-9999,-9999,-9999,0.0216778668979,0.0361297781632,16.0632993713,1.66196979551,0.41187947106,46,5,6.46000433557,20.7095888431,0.173422935183,0.0144519112653,-9999
8154510,0.557375807394,0.857577659767,-9999,-9999,-9999,0.0170124731231,0.783939728657,1.37633391138,7.18932212745,0.0047808774835,27,45,15.7734186937,1.52907363358,0.026698406726,0.00155223294919,-9999
2418500,2.44693118278,1.29381304982,-9999,-9999,-9999,0.0116037044827,-9999,34.2381805391,19.97722773,25.5970468572,-9999,-9999,6.78164003858,8.53815080464,0.0710726899563,1.04433340344,-9999
2433000,0.186835297499,0.301810865191,-9999,-9999,-9999,0.0143719459615,-9999,41.3983903421,16.0175337741,22.2980741592,-9999,-9999,6.10807703363,6.6039091693,0.251509054326,6.81948835872,-9999
8075500,0.269853508096,44.2559753277,-9999,-9999,-9999,0.077101002313,0.192752505783,16.0755589823,1.1565150347,0.693909020817,1,2,14.9961449499,19.2367000771,0.154202004626,0.077101002313,-9999
7291000,0.597557807223,0.0519615484541,-9999,-9999,-9999,-9999,0.324759677838,23.2527929332,36.2821512081,18.7581189919,-9999,-9999,7.31358794492,11.1197713692,-9999,2.2992985191,-9999
8062000,6.91572244772,9.15876344189,-9999,-9999,-9999,-9999,0.0500163514995,10.4765019333,3.84741165381,1.55627801397,6,0,20.4509166458,40.5363291845,0.473231633419,0.694457803513,-9999
2399000,0.478652115642,0.172314761631,-9999,-9999,-9999,-9999,-9999,39.8812942753,16.7528240475,36.1669538579,-9999,-9999,2.14436147808,4.38445337928,-9999,0.0191460846257,-9999
8040600,3.4796270212,2.01148509551,-9999,-9999,-9999,0.0261314603662,0.108987310308,21.6951669545,16.3465031645,23.5801375407,0,0,1.73104991109,24.0814154329,1.05003855984,5.85535918011,-9999
2326000,0.171845911499,0.128884433625,-9999,-9999,-9999,0.0286409852499,0.0572819704998,1.0883574395,42.4029786625,5.06945438923,2,1,3.75196906774,0.329371330374,4.05269941286,40.2978662466,-9999
2385500,0.48048048048,8.94894894895,-9999,-9999,-9999,0.0600600600601,-9999,35.6756756757,16.8768768769,27.5075075075,-9999,-9999,2.46246246246,7.20720720721,0.0600600600601,0.720720720721,-9999
8024000,0.105887335875,0.381194409149,-9999,-9999,-9999,-9999,-9999,21.5374841169,25.4976704786,31.0038119441,-9999,-9999,4.97670478611,8.80982634477,0.105887335875,7.58153324862,-9999
8210000,0.293196893833,0.384674324709,-9999,-9999,-9999,0.0451914145695,0.686002545731,3.86222404308,12.6623528933,0.402187952501,10,56,6.22249813136,9.48660051102,0.0505080515776,0.113838580646,-9999
7026300,0.48863218568,1.55959059264,-9999,-9999,-9999,0.029650011267,0.00118600045068,18.6498570869,1.86439270847,4.64556376531,-9999,-9999,33.2590106384,33.3432166704,0.00237200090136,6.15652833948,-9999
2489000,1.68633850747,2.22905360102,-9999,-9999,-9999,0.021084502469,0.0134940815802,20.0758198709,25.6067065585,13.4388401837,0,-9999,9.74778718147,16.3974175701,0.057771536765,10.7252647159,-9999
8207500,0.282326369283,1.69866365519,-9999,-9999,-9999,0.277620929795,0.428194993412,7.09580274798,3.1102955016,0.884622623753,12,34,13.3681535855,27.169207604,0.0705815923207,0.0752870318088,-9999
2481510,0.461009532739,0.195343022347,-9999,-9999,-9999,0.0156274417878,0.0156274417878,4.00062509767,43.1708079387,22.4957024535,0,-9999,5.48523206751,14.8851383029,0.359431161119,8.90764181903,-9999
8133500,-9999,0.443053410292,-9999,-9999,-9999,-9999,0.203235509308,0.0203235509308,0.048776522234,-9999,14,77,7.53190797496,0.0812942037233,0.00406471018616,0.0162588407447,-9999
7333500,-9999,0.369822485207,-9999,-9999,-9999,0.221893491124,-9999,49.1124260355,0.961538461538,4.88165680473,28,-9999,0.443786982249,15.7544378698,-9999,-9999,-9999
2430085,-9999,0.765696784074,-9999,-9999,-9999,-9999,-9999,36.2940275651,13.9356814701,37.97856049,-9999,-9999,3.98162327718,7.04441041348,-9999,-9999,-9999
2300210,0.333704115684,2.44716351502,-9999,-9999,-9999,-9999,-9999,-9999,10.1223581758,0.111234705228,47,0,14.5717463849,6.67408231368,3.33704115684,14.7942157953,-9999
2336728,0.276816608997,56.1937716263,-9999,-9999,-9999,-9999,-9999,17.0934256055,11.6955017301,13.7716262976,-9999,-9999,0.968858131488,-9999,-9999,-9999,-9999
2480002,-9999,5.58823529412,-9999,-9999,-9999,-9999,-9999,4.11764705882,26.4705882353,21.4705882353,-9999,-9999,14.7058823529,21.7647058824,-9999,5.88235294118,-9999
2473500,0.3130996869,1.7573982426,-9999,-9999,-9999,-9999,-9999,18.6445813554,30.198969801,25.3408746591,-9999,-9999,4.9994950005,8.02949197051,0.3837996162,10.3322896677,-9999
2312635,1.34529147982,2.51121076233,-9999,-9999,-9999,1.70403587444,0.627802690583,-9999,28.0717488789,0.0896860986547,35,0,12.8251121076,5.7399103139,8.43049327354,3.04932735426,-9999
2466500,3.62767154106,0.478065241845,-9999,-9999,-9999,-9999,-9999,10.531496063,6.86164229471,9.772215973,-9999,-9999,23.1439820022,41.6760404949,0.126546681665,3.78233970754,-9999
2412500,0.520658892306,0.736838900222,-9999,-9999,-9999,0.0152239442195,-9999,41.7136071613,19.425752824,23.7889352373,-9999,-9999,5.91297993484,7.20092561581,0.00913436653168,0.675943123344,-9999
8128000,0.00579105860551,0.422747278202,-9999,-9999,-9999,-9999,0.11582117211,1.45934676859,0.231642344221,-9999,6,91,0.781792911744,0.469075747047,-9999,-9999,-9999
2475000,0.86143922374,1.44170468485,-9999,-9999,-9999,0.0454839910135,0.0248094496437,13.2434220501,34.0778465398,19.2218102628,0,-9999,6.41806679255,15.1399666451,0.210880321972,9.31043513018,-9999
8131000,0.433004570604,0.594522148527,-9999,-9999,-9999,-9999,0.223375373724,1.95539365614,0.192446475824,-9999,7,85,4.05512216915,0.15120794529,0.00687308842228,-9999,-9999
8180640,1.40666887557,1.19581915118,-9999,-9999,-9999,0.0180728335191,0.665682701286,5.32546161029,54.790806952,0.00903641675954,13,16,4.93087141179,3.20491581072,0.0271092502786,-9999,-9999
8065700,0.238611713666,1.64859002169,-9999,-9999,-9999,-9999,0.0867678958785,11.1062906725,0.195227765727,2.6464208243,-9999,0,1.77874186551,75.748373102,1.77874186551,4.68546637744,-9999
8166000,0.106247343816,1.06247343816,-9999,-9999,-9999,-9999,0.467488312792,1.23246918827,45.6651083723,-9999,14,35,0.361240968976,1.52996175096,-9999,-9999,-9999
2354000,1.12994350282,0.282485875706,-9999,-9999,-9999,-9999,-9999,11.8644067797,6.21468926554,15.2542372881,-9999,-9999,36.7231638418,12.9943502825,1.41242937853,14.1242937853,-9999
8188500,0.805415554897,7.45565273248,-9999,-9999,-9999,0.163059590869,0.418766676549,9.49142701848,22.5800474355,0.0821474453997,14,17,10.9330220378,16.4245478802,0.338472181046,0.0469413973713,-9999
8057200,0.362056480811,54.8515568429,-9999,-9999,-9999,-9999,0.144822592324,2.31716147719,2.60680666184,0.217233888487,4,0,17.4511223751,18.1390296886,-9999,-9999,-9999
7351700,1.35970333745,1.97775030902,-9999,-9999,-9999,-9999,-9999,24.7218788628,22.2496909765,38.6897404203,-9999,-9999,2.47218788628,3.21384425216,-9999,5.3152039555,-9999
8086150,0.473372781065,2.89940828402,-9999,-9999,-9999,-9999,0.295857988166,0.591715976331,0.532544378698,0.118343195266,56,37,0.532544378698,1.4201183432,-9999,-9999,-9999
8183890,1.24623979373,3.69574559519,-9999,-9999,-9999,-9999,0.429737859905,4.9849591749,42.3721529867,-9999,38,6,1.67597765363,1.50408250967,0.128921357972,-9999,-9999
2390475,0.741787354292,0.777110561639,-9999,-9999,-9999,0.388555280819,-9999,58.8837866478,10.985517485,25.1501236312,-9999,-9999,0.565171317556,2.50794772165,-9999,-9999,-9999
8076000,-9999,59.0724165989,-9999,-9999,-9999,-9999,0.122050447518,3.25467860049,2.27827502034,10.8624898291,-9999,0,1.79007323027,21.1554109032,0.610252237592,0.528885272579,-9999
7369700,3.332867849,1.48489503328,-9999,-9999,-9999,-9999,0.00465484336452,1.43369175627,0.302564818694,1.19629474468,-9999,-9999,75.9018759019,7.75496904529,0.00465484336452,8.58353116418,-9999
2336313,-9999,77.3913043478,-9999,-9999,-9999,0.869565217391,-9999,13.0434782609,8.69565217391,-9999,-9999,-9999,-9999,-9999,-9999,-9999,-9999
2430100,8.70803662258,0.467955239064,-9999,-9999,-9999,-9999,-9999,28.2807731434,21.4649033571,34.1200406918,-9999,-9999,2.03458799593,4.84231943032,0.0203458799593,0.0610376398779,-9999
2358700,1.97595234492,3.67731018448,-9999,-9999,-9999,0.0645214544154,0.00770405425855,23.1656784383,19.8734333943,17.6334796186,0,0,18.3630260425,8.52907592621,0.353285916714,6.29022272971,-9999
8093100,1.1244279838,0.911428667306,-9999,-9999,-9999,0.0354115779081,0.441187638975,2.22942816925,2.66770163847,0.0724127029543,32,13,38.7249889173,7.84264896264,0.0809785958647,0.00362063514771,-9999
8158600,0.420168067227,43.5107376284,-9999,-9999,-9999,0.186741363212,0.140056022409,18.8141923436,9.99066293184,-9999,7,14,2.10084033613,4.29505135387,-9999,-9999,-9999
8095000,0.872781065089,1.30917159763,-9999,-9999,-9999,0.069033530572,0.68540433925,8.87573964497,9.35157790927,0.00493096646943,35,31,7.30029585799,5.14546351085,0.034516765286,-9999,-9999
2372500,0.531249433394,0.514931191413,-9999,-9999,-9999,0.00906568998967,0.00362627599587,14.9565753449,28.1326491759,28.4553877396,-9999,-9999,13.6873787464,6.19549253894,0.110601417874,7.40304244556,-9999
2343200,0.374022441346,0.272016320979,-9999,-9999,-9999,-9999,-9999,27.3716422985,27.0656239374,19.2451547093,-9999,-9999,13.7028221693,4.01224073444,0.0680040802448,7.8884733084,-9999
8066250,3.52107729512,6.26491723755,-9999,-9999,-9999,0.0943235297069,0.110091900934,14.7156174249,4.36210487687,5.54616620723,12,2,9.55907333583,39.7034686116,0.771790097176,1.6063669816,-9999
2423630,0.201545179711,20.2888814243,-9999,-9999,-9999,0.403090359422,-9999,31.5418206248,11.7232112865,27.8468256634,-9999,-9999,2.28417870339,3.49344978166,0.0671817265704,2.14981525025,-9999
8160800,0.41782729805,1.53203342618,-9999,-9999,-9999,-9999,-9999,20.4735376045,44.1504178273,-9999,1,2,3.89972144847,27.2980501393,-9999,-9999,-9999
2298488,2.33393177738,7.00179533214,-9999,-9999,-9999,2.24416517056,-9999,-9999,8.52782764811,1.25673249551,42,0,10.7719928187,4.39856373429,5.56552962298,15.3500897666,-9999
8198000,0.140597539543,0.152314001172,-9999,-9999,-9999,-9999,0.808435852373,2.43702401875,64.4053895723,-9999,9,16,5.82308142941,1.66373755126,0.0234329232572,-9999,-9999
7341301,2.18295157508,0.402322711936,-9999,-9999,-9999,0.0508751103756,0.0356710544013,37.5434923717,12.735735964,28.0544071295,0,-9999,0.557287128597,14.5713333372,0.393551141181,3.15250252914,-9999
8068800,0.903091351164,2.686117865,-9999,-9999,-9999,0.0810466597198,0.405233298599,6.9931689244,3.33449114276,4.1565358342,1,2,20.030103045,52.969781174,4.51545675582,0.532592335302,-9999
2397410,0.334075723831,0.927988121752,-9999,-9999,-9999,-9999,-9999,30.2524127691,23.4595397179,18.2628062361,-9999,-9999,7.86933927246,18.8938381589,-9999,-9999,-9999
7290650,0.771274632814,0.752823086575,-9999,-9999,-9999,-9999,0.0738061849583,28.1792014171,21.4812901321,18.1231087165,-9999,-9999,9.735035796,20.6546608606,0.00738061849583,0.221418554875,-9999
8070500,0.527160210864,3.41508136603,-9999,-9999,-9999,0.160440064176,0.252120100848,9.07632363053,13.1790052716,35.7552143021,0,0,1.69608067843,33.4632133853,0.710520284208,1.6502406601,-9999
2465000,1.50656026241,3.39563582543,-9999,-9999,-9999,0.499019960798,0.0010000400016,34.6228849154,17.1576863075,26.6065642626,-9999,-9999,6.01924076963,9.97539901596,0.0215008600344,0.194507780311,-9999
2450825,0.118680275338,0.949442202706,-9999,-9999,-9999,0.0949442202706,-9999,35.4616662711,25.8485639687,26.3470211251,-9999,-9999,2.01756468075,9.16211725611,-9999,-9999,-9999
2334885,0.205761316872,6.84156378601,-9999,-9999,-9999,-9999,-9999,40.1748971193,11.9855967078,27.2119341564,-9999,-9999,5.65843621399,7.92181069959,-9999,-9999,-9999
2326500,0.684755352665,1.52060695686,-9999,-9999,-9999,0.00964444158683,-9999,3.04121391371,29.0651321288,9.69587860863,4,0,22.7383784479,2.12499196297,2.70687327204,24.7830000643,-9999
8168797,0.157126823793,2.67115600449,-9999,-9999,-9999,2.08754208754,0.26936026936,8.82154882155,49.7867564534,-9999,14,7,3.0303030303,12.3232323232,0.0224466891134,-9999,-9999
2478000,0.272076372315,0.147971360382,-9999,-9999,-9999,-9999,-9999,14.3198090692,31.8997613365,32.553699284,-9999,-9999,7.49403341289,6.36276849642,0.3723150358,6.57756563246,-9999
8017410,8.40209107514,2.89412357498,-9999,-9999,-9999,0.0125968381936,0.0944762864521,14.7981356679,0.406248031744,1.23763935252,0,-9999,19.6069786484,49.0615355546,1.6722302702,1.75096050891,-9999
7365500,0.288524590164,0.708196721311,-9999,-9999,-9999,-9999,-9999,15.5147540984,47.3704918033,23.0032786885,-9999,-9999,3.05573770492,3.10819672131,-9999,6.95081967213,-9999
2464146,-9999,-9999,-9999,-9999,-9999,1.59362549801,-9999,21.9123505976,31.4741035857,31.4741035857,-9999,-9999,11.1553784861,2.39043824701,-9999,-9999,-9999
2419000,0.558294663573,2.34193735499,-9999,-9999,-9999,0.0507540603248,-9999,27.2694315545,16.4370649652,25.0652552204,-9999,-9999,12.9277842227,5.9527262181,0.174013921114,9.22273781903,-9999
8176900,0.0607779578606,0.675310642896,-9999,-9999,-9999,-9999,0.0945434900054,18.6385737439,4.48406266883,-9999,38,15,6.9489465154,15.4308481902,0.351161534306,0.0540248514317,-9999
8105700,1.23948072281,1.27536042795,-9999,-9999,-9999,0.326179137582,0.443603627112,9.08735077304,21.0124600431,-9999,31,19,12.1142931698,4.7361210777,0.0228325396308,-9999,-9999
8033500,1.5574129935,2.10357062177,-9999,-9999,-9999,0.0332212669262,0.12624081432,22.019720144,14.7801416555,22.7040782427,0,0,2.20655654924,27.4560482639,1.0537785869,5.93066057167,-9999
2414500,0.939765635135,1.23956816904,-9999,-9999,-9999,0.0129722250249,-9999,37.7794433474,17.1910808746,22.6855388518,-9999,-9999,7.77612822324,11.5423975555,0.0288271667219,0.804277951542,-9999
8164504,0.517687661777,1.07851596204,-9999,-9999,-9999,0.215703192407,0.517687661777,4.09836065574,2.50215703192,-9999,7,5,40.2502157032,37.5754961173,2.02761000863,-9999,-9999
7031700,1.23727486296,6.11746280345,-9999,-9999,-9999,0.0250587314017,0.0313234142522,27.1761942052,4.35395458105,6.1738449491,-9999,-9999,25.1902897416,21.0399373532,0.0375880971026,8.61707126077,-9999
8037050,0.15455950541,9.6599690881,-9999,-9999,-9999,-9999,0.0772797527048,28.28438949,5.40958268934,14.6058732612,0,-9999,1.23647604328,39.258114374,1.23647604328,-9999,-9999
8030000,0.187828700225,0.939143501127,-9999,-9999,-9999,-9999,0.0751314800902,8.07663410969,50.1878287002,21.675432006,-9999,-9999,0.0375657400451,17.7685950413,1.05184072126,-9999,-9999
2320000,0.803951988785,1.2723702963,-9999,-9999,-9999,0.147169723567,0.0534860620638,3.00418918784,35.9084159156,3.48988249677,1,0,21.9136715026,5.57849660978,2.82911369276,23.4096201825,-9999
2298527,0.608272506083,3.16301703163,-9999,-9999,-9999,0.121654501217,-9999,-9999,10.3406326034,0.243309002433,38,0,14.4768856448,3.77128953771,8.51581508516,20.0729927007,-9999
8068780,1.04166666667,1.31578947368,-9999,-9999,-9999,-9999,0.219298245614,10.0328947368,3.125,3.72807017544,1,2,19.298245614,57.5657894737,1.42543859649,0.109649122807,-9999
8036500,1.0411332992,2.71187726385,-9999,-9999,-9999,0.0208605943373,0.182056096035,25.4821641918,5.6190855474,20.2006409892,0,0,2.28707970643,34.9377026796,1.33128520225,6.15766816484,-9999
7287150,1.31512392514,0.0252908447142,-9999,-9999,-9999,-9999,-9999,27.8958017198,23.3687405159,18.8922610015,-9999,-9999,9.86342943854,16.3631765301,0.126454223571,2.14972180071,-9999
8065000,3.48119013188,7.71057355233,-9999,-9999,-9999,0.103910524411,0.0890929586552,13.6398506239,2.93950494325,1.46487580442,16,2,12.0281121108,39.0384712774,0.514863518966,1.02297472949,-9999
8166500,0.319922991988,1.85442088276,-9999,-9999,-9999,0.00566235384049,0.549248322528,2.85382633561,47.4816681294,-9999,15,28,2.19699329011,1.69021262139,0.0311429461227,-9999,-9999
2395120,0.0745156482861,1.56482861401,-9999,-9999,-9999,-9999,-9999,20.9388971684,29.7317436662,27.7943368107,-9999,-9999,6.85543964232,12.6676602086,-9999,0.372578241431,-9999
8169792,1.06674872426,2.33351283432,-9999,-9999,-9999,0.123086391261,0.48465266559,5.30553632331,42.7109777675,0.00641074954484,20,18,4.9465343488,5.26707182604,0.0346180475421,-9999,-9999
2344300,0.143061516452,45.4935622318,-9999,-9999,-9999,-9999,-9999,13.8769670959,15.8798283262,15.8798283262,-9999,-9999,3.5765379113,4.00572246066,0.286123032904,0.858369098712,-9999
8158920,1.53846153846,27.6923076923,-9999,-9999,-9999,-9999,1.15384615385,6.53846153846,30.3846153846,-9999,10,22,-9999,1.53846153846,-9999,-9999,-9999
2395980,1.26038039111,3.1127779266,-9999,-9999,-9999,0.0843825341548,0.00267881060809,35.2933297616,18.6525582641,27.4551299223,-9999,-9999,4.7013126172,9.14545941602,0.0870613447629,0.204929011519,-9999
7032248,-9999,92.4882629108,-9999,-9999,-9999,-9999,-9999,0.93896713615,-9999,3.28638497653,-9999,-9999,1.40845070423,0.93896713615,-9999,0.93896713615,-9999
2430615,-9999,-9999,-9999,-9999,-9999,-9999,-9999,29.4117647059,26.1437908497,40.7407407407,-9999,-9999,2.39651416122,1.30718954248,-9999,-9999,-9999
8110000,3.46402103753,0.666985417165,-9999,-9999,-9999,0.0621563471193,0.757829309108,32.5484102319,6.87544824289,0.00239062873536,9,10,3.33253645709,32.3452067894,0.502032034425,0.00239062873536,-9999
2296260,0.214159737969,6.91609977324,-9999,-9999,-9999,0.0251952632905,0.050390526581,-9999,4.90047871,0.151171579743,24,0,12.4842529604,14.8400100781,5.27840765936,30.6752330562,-9999
2462951,1.4731775359,3.55975029727,-9999,-9999,-9999,0.524215677307,0.00114332754047,34.5816564529,17.1133266258,25.7974709595,-9999,-9999,6.04534437026,10.7278423123,0.0194365681881,0.156635873045,-9999
2476500,0.836042731073,8.36042731073,-9999,-9999,-9999,-9999,-9999,19.3683232699,20.7152810033,29.9117510451,-9999,-9999,13.1908964236,7.2457036693,-9999,0.371574547144,-9999
8181500,1.12185971236,5.26906241954,-9999,-9999,-9999,0.204141685364,0.623459741788,7.43369993011,41.8490454997,0.0147129142605,11,15,8.4580865855,9.53029021223,0.0331040570861,-9999,-9999
2402500,1.5790263808,2.57837129638,-9999,-9999,-9999,0.104062888103,0.00136475918824,32.9138973428,19.9217310606,25.5673986325,-9999,-9999,6.01074065481,10.7345133951,0.0986038513504,0.490289738376,-9999
2294217,9.48632974316,31.8972659486,-9999,-9999,-9999,0.952775476388,0.9942004971,0.0414250207125,6.13090306545,0.082850041425,11,3,11.5990057995,2.15410107705,8.2850041425,14.9544324772,-9999
8175800,0.733499919315,1.59805182421,-9999,-9999,-9999,0.0816629910171,0.352079961271,14.9858923516,23.6323894004,0.00880199903178,22,16,6.10125232886,14.1096044479,0.0689489924156,0.0132029985477,-9999
2308935,0.909090909091,92.7272727273,-9999,-9999,-9999,-9999,-9999,-9999,0.909090909091,-9999,1,2,0.909090909091,-9999,0.909090909091,0.909090909091,-9999
8099100,1.43593892203,1.53706138133,-9999,-9999,-9999,0.0404489837193,0.444938820912,6.22914349277,1.48144402872,0.0808979674386,44,29,10.7341490545,4.72241884923,0.00505612296491,0.0455051066842,-9999
8146000,0.277760142213,0.396006602755,-9999,-9999,-9999,0.0126976065012,0.247603326773,0.814234016888,9.38591200559,0.00396800203162,20,62,5.36077074471,1.56180559964,0.0158720081265,-9999,-9999
7282097,-9999,-9999,-9999,-9999,-9999,-9999,-9999,25.4437869822,21.8934911243,10.5325443787,-9999,-9999,27.6923076923,14.3195266272,-9999,0.118343195266,-9999
2477000,1.20057795875,2.51674766846,-9999,-9999,-9999,0.00525417049783,-9999,25.5352686195,22.2724287403,25.5956915802,-9999,-9999,7.70261394982,10.0591094181,0.228556416656,4.88375147774,-9999
2298202,0.669768753525,5.52030456853,-9999,-9999,-9999,0.0493513818387,0.0705019740553,-9999,9.42611393119,1.38888888889,25,1,16.5186125212,15.7642413988,11.5693739425,12.3096446701,-9999
7037700,-9999,0.552486187845,-9999,-9999,-9999,-9999,-9999,72.9281767956,1.10497237569,4.97237569061,2,-9999,1.65745856354,17.1270718232,-9999,-9999,-9999
7047902,0.867545042484,1.60715156044,-9999,-9999,-9999,0.0146215456598,0.00812308092213,18.7691907787,0.361070946989,3.43159553555,1,-9999,62.940474063,7.68199762806,0.218104722759,3.39910321187,-9999
8051000,2.47349823322,1.0419498052,-9999,-9999,-9999,0.0090604330887,-9999,10.9721844704,5.98894627163,1.63087795597,15,1,20.0326175591,41.1071849234,-9999,0.434900788258,-9999
2303100,0.286944045911,4.73457675753,-9999,-9999,-9999,-9999,-9999,-9999,11.0473457676,0.286944045911,36,0,14.6341463415,8.17790530846,12.0516499283,12.1951219512,-9999
2301000,4.27826712206,16.1783210498,-9999,-9999,-9999,3.50530289412,2.28294085925,0.0719036491102,11.5405356822,0.0359518245551,20,2,17.6523458566,2.9660255258,6.75894301636,12.8527772784,-9999
8071000,0.14303228443,1.94115243155,-9999,-9999,-9999,0.06129955047,0.32693093584,9.39926440539,24.6628524724,53.0649775235,-9999,-9999,0.63342868819,9.09276665304,0.36779730282,0.30649775235,-9999
7336000,0.0353107344633,0.247175141243,-9999,-9999,-9999,-9999,-9999,42.6553672316,1.97740112994,13.8064971751,12,0,0.988700564972,28.3898305085,0.0706214689266,0.176553672316,-9999
8144800,-9999,0.0709723207949,-9999,-9999,-9999,-9999,0.14194464159,0.260231842915,0.18925952212,-9999,20,69,9.55760586705,0.496806245564,-9999,-9999,-9999
8155240,0.560412463573,4.64021519839,-9999,-9999,-9999,0.0224164985429,0.53799596503,9.25801389823,42.9500112082,-9999,28,13,0.313830979601,0.627661959202,0.0224164985429,-9999,-9999
8065500,3.17758290401,6.99322325157,-9999,-9999,-9999,0.100464376101,0.0961181634911,15.3091995948,2.79411322218,2.65954779329,14,2,10.9049817626,40.053859604,0.637388795464,1.25555395823,-9999
2294161,8.70486074341,19.0193794345,-9999,-9999,-9999,0.677750714815,0.0847188393519,0.190617388542,4.02414486922,0.116488404109,15,0,29.280948851,5.60203325214,7.65646510643,9.28730276395,-9999
8039100,0.409612233752,1.58383397051,-9999,-9999,-9999,-9999,-9999,25.2048061169,19.2244675041,27.6078645549,-9999,-9999,1.47460404151,18.9513926816,0.491534680502,5.05188421628,-9999
8083470,1.88527878059,8.38347372643,-9999,-9999,-9999,0.120336943442,0.381066987565,1.56438026474,8.34336141195,0.0601684717208,22,15,23.285198556,18.6722823907,0.180505415162,-9999,-9999
8190000,0.130962904757,0.311036898798,-9999,-9999,-9999,0.0163703630947,1.15247356186,0.451822021412,57.5581966408,0.00654814523786,14,24,1.03133287496,0.667910814262,0.0229185083325,-9999,-9999
7348800,0.46544933763,0.0358037952023,-9999,-9999,-9999,-9999,-9999,19.0476190476,48.2993197279,24.0243465807,-9999,-9999,1.79018976011,3.00751879699,-9999,3.32975295381,-9999
7342500,0.861830583464,2.02322794728,-9999,-9999,-9999,0.0184348787907,0.221218545488,15.2779057978,0.35487141672,0.774264909208,0,0,19.9188865333,54.7930684856,1.52087750023,4.11097797032,-9999
7349860,1.90022282743,0.631344392176,-9999,-9999,-9999,0.0247586036148,0.0433275563258,30.2642980936,27.0425847982,22.1341916316,-9999,-9999,2.83795493934,9.6465709334,0.229017083436,5.24572914088,-9999
7335500,1.72246766843,0.78662252979,-9999,-9999,-9999,0.0112405676975,0.407647061379,6.34152645823,1.19893958548,0.374902798956,35,11,32.6659042629,10.473874097,0.129565190948,0.220249964161,-9999
2374700,0.160834119017,0.83744661971,-9999,-9999,-9999,0.0166380123121,-9999,9.43929898508,41.3232765792,28.2069768732,-9999,-9999,9.74987521491,5.69574621485,0.144196106705,4.42571127503,-9999
7332600,0.30191211003,1.54310634015,-9999,-9999,-9999,0.0335457900034,0.167728950017,11.9758470312,4.39449849044,1.77792687018,-9999,0,21.7712177122,57.6316672258,0.369003690037,-9999,-9999
2341910,0.489642184557,1.84557438795,-9999,-9999,-9999,-9999,-9999,29.8305084746,29.0395480226,31.8267419962,-9999,-9999,2.22222222222,0.564971751412,0.075329566855,4.1054613936,-9999
8093250,0.755350398657,1.3848090642,-9999,-9999,-9999,0.12589173311,0.419639110365,5.79101972304,1.17498950902,-9999,2,0,46.3281577843,42.0478388586,0.0419639110365,-9999,-9999
2406500,0.0485829959514,3.70850202429,-9999,-9999,-9999,0.0161943319838,-9999,43.8866396761,17.3603238866,25.7489878543,-9999,-9999,4.43724696356,4.17813765182,0.0161943319838,0.599190283401,-9999
7353500,0.426944971537,-9999,-9999,-9999,-9999,-9999,-9999,18.1688804554,43.4060721063,19.0702087287,-9999,-9999,8.68121442125,2.70398481973,-9999,7.54269449715,-9999
2335700,0.62315513283,5.18202689406,-9999,-9999,-9999,-9999,-9999,31.2889471958,11.8727451623,20.7609052148,-9999,-9999,10.7904230895,18.6290587078,0.03279763857,0.819940964251,-9999
7031650,1.21942770041,1.48617750987,-9999,-9999,-9999,0.0207856994388,0.0138571329592,29.2212291277,4.65599667429,6.31192406291,-9999,-9999,25.6322316913,22.4658768101,0.0415713988776,8.9309221922,-9999
8050500,1.02499209111,2.56880733945,-9999,-9999,-9999,-9999,0.00632711167352,5.37804492249,1.46156279658,1.08193609617,28,1,20.8161974059,38.8231572287,0.012654223347,0.0506168933882,-9999
8024400,4.2015689403,2.1332860583,-9999,-9999,-9999,0.33461862341,0.152905198777,23.0816676269,9.08714857658,16.7686034659,0,0,5.11087473592,31.3078934539,1.20182008894,6.51693775946,-9999
7277000,1.55022069114,1.37797394768,-9999,-9999,-9999,-9999,-9999,29.3896006029,10.4424588223,8.31090537195,-9999,-9999,19.7330175476,29.0666379589,-9999,0.129185057595,-9999
2299950,1.14408294601,2.2166607079,-9999,-9999,-9999,0.107257776189,0.965319985699,-9999,10.9402931713,0.60779406507,43,0,11.4408294601,4.00429031105,5.50589917769,19.6639256346,-9999
7384000,0.916488899423,4.28221537489,-9999,-9999,-9999,-9999,-9999,2.63095520265,0.489847515209,1.27992415264,0,-9999,64.7072766058,11.2506913171,3.99778778542,10.4132100814,-9999
7368500,0.130548302872,1.76240208877,-9999,-9999,-9999,-9999,-9999,1.69712793734,0.718015665796,13.5117493473,-9999,-9999,76.9582245431,4.04699738903,-9999,1.17493472585,-9999
8104500,1.7586121619,1.8172325673,-9999,-9999,-9999,0.0370957252901,0.801450855034,8.54346611466,9.63481319325,0.00732755067459,32,32,8.28883372872,4.43362613005,0.0370957252901,0.0297681746155,-9999
7282090,0.342596117244,-9999,-9999,-9999,-9999,-9999,-9999,31.5188427864,26.3037685573,12.2953939855,-9999,-9999,18.6905215074,10.7346783403,-9999,0.114198705748,-9999
8171000,0.440857297884,0.786760716224,-9999,-9999,-9999,-9999,0.847802495931,5.96852957135,42.8174172545,0.0135648399349,37,9,2.61123168747,1.07840477482,0.0203472599023,-9999,-9999
2411800,0.599520383693,0.599520383693,-9999,-9999,-9999,-9999,-9999,27.6978417266,17.3860911271,15.7074340528,-9999,-9999,18.5851318945,17.2661870504,-9999,2.15827338129,-9999
7344000,1.1900643465,1.52909430568,-9999,-9999,-9999,0.0207569362762,0.0899467238636,19.7363869093,0.334705597454,1.48931017782,0,0,13.3129800042,53.9879263821,2.09039645748,6.18816162734,-9999
8061700,-9999,87.7659574468,-9999,-9999,-9999,-9999,-9999,2.12765957447,0.759878419453,0.379939209726,2,0,0.911854103343,6.23100303951,-9999,-9999,-9999
8025360,5.43496832422,1.98095097707,-9999,-9999,-9999,0.303524705772,0.142046882171,22.2772393322,11.3064627981,17.6563604507,0,0,4.71233831279,28.8542779898,1.11258890493,6.12610680987,-9999
8076180,0.171379605827,35.9040274207,-9999,-9999,-9999,-9999,1.19965724079,3.77035132819,12.7677806341,28.0205655527,-9999,1,0.599828620394,16.5381319623,0.171379605827,0.342759211654,-9999
2377570,0.2396871452,1.05966948404,-9999,-9999,-9999,-9999,-9999,4.93250914596,55.7461839283,17.2070140028,-9999,-9999,7.190614356,7.6699886464,0.214456919389,5.73987637189,-9999
2352500,0.935683719742,2.52511428024,-9999,-9999,-9999,0.104471756129,0.0173359245979,22.5189098441,19.442695645,13.9212036606,0,0,21.2962709514,10.5931623464,0.286955172949,8.35135357074,-9999
7275900,1.48652053414,0.692869740489,-9999,-9999,-9999,-9999,-9999,29.2391030486,5.92088687327,5.54295792391,-9999,-9999,21.5671453767,28.0045351474,0.0881834215168,7.45779793399,-9999
8023500,0.0620347394541,1.42679900744,-9999,-9999,-9999,-9999,-9999,18.6104218362,28.8771712159,34.4447890819,-9999,-9999,3.93920595533,5.36600496278,0.108560794045,7.16501240695,-9999
7377500,0.910143968228,1.00943240113,-9999,-9999,-9999,-9999,0.0992884328976,16.0681780573,24.6566275029,17.7891775608,0,-9999,18.9640906834,17.7560814165,0.0992884328976,2.48221082244,-9999
2369000,0.739553165081,2.09971038477,-9999,-9999,-9999,0.0258585022755,0.0103434009102,14.9875879189,30.2027306578,21.2918907737,0,-9999,12.034546959,7.55068266446,0.289615225486,10.7571369466,-9999
8185100,0.955223880597,15.5223880597,-9999,-9999,-9999,-9999,0.268656716418,9.5223880597,5.07462686567,-9999,11,21,21.4925373134,15.0149253731,-9999,-9999,-9999
2462500,1.41276822604,3.75849660136,-9999,-9999,-9999,0.401657518811,0.0012116365575,34.043352356,17.0677183672,25.5540208159,-9999,-9999,6.29081700653,11.2833654417,0.0205978214775,0.165994208377,-9999
7346000,7.45165425633,1.33104219513,-9999,-9999,-9999,1.14556910236,0.245479093364,29.6811499332,5.55873769195,11.8102719363,0,-9999,1.87382374601,36.0281482694,1.12647628399,3.68218640046,-9999
7360200,-9999,-9999,-9999,-9999,-9999,-9999,-9999,71.611071682,6.10361958836,21.2562100781,-9999,-9999,-9999,1.02909865153,-9999,-9999,-9999
2301300,6.24722098711,3.2014228546,-9999,-9999,-9999,11.7830146732,2.71231658515,0.333481547354,6.8697198755,0.133392618942,22,2,19.1640729213,2.28990662517,11.1605157848,11.894175189,-9999
8155400,0.645682001614,6.47699757869,-9999,-9999,-9999,0.0201775625504,0.504439063761,9.01937046005,44.1485068604,-9999,26,13,0.322841000807,0.625504439064,0.0201775625504,-9999,-9999
8066200,0.187873612297,1.65670367208,-9999,-9999,-9999,0.0512382578992,0.068317677199,15.4056362084,24.3040136635,40.170794193,0,-9999,0.341588385995,17.3185311699,0.461144321093,0.0170794192997,-9999
2399500,1.6032942401,2.51496240567,-9999,-9999,-9999,0.101347187159,0.00136955658323,31.5979529694,21.050997722,26.3406817653,-9999,-9999,5.44992216353,10.9906915804,0.0785212441052,0.270259165757,-9999
8068740,1.05441536434,0.997928826963,-9999,-9999,-9999,0.112973074751,0.338919224252,5.98757296178,1.41216343438,0.0941442289588,1,2,23.686688006,55.3944643193,6.66541141028,0.564865373753,-9999
2429900,0.0897666068223,0.179533213645,-9999,-9999,-9999,-9999,-9999,50.2692998205,14.8114901257,26.750448833,-9999,-9999,1.97486535009,5.92459605027,-9999,-9999,-9999
2397000,0.923707496609,2.88225418088,-9999,-9999,-9999,0.107546797794,0.00119496441993,32.9654834527,20.9746129809,26.8974541283,-9999,-9999,4.53250004481,10.500152358,0.0436162013276,0.171477394261,-9999
2456500,0.831657335435,1.8589987498,-9999,-9999,-9999,0.282654780671,-9999,31.7714844812,13.9968473121,24.1506767408,-9999,-9999,9.47708865576,17.5789530902,-9999,0.051638854161,-9999
7076850,0.641025641026,1.89393939394,-9999,-9999,-9999,0.0291375291375,-9999,28.9335664336,1.74825174825,13.0244755245,-9999,-9999,15.6614219114,33.377039627,-9999,4.69114219114,-9999
2423414,2.90964777948,7.70801429301,-9999,-9999,-9999,0.66360387953,-9999,32.6697294538,14.7013782542,27.7182235835,-9999,-9999,4.28790199081,8.37161817254,0.0510464522716,0.918836140888,-9999
2330000,2.02733037769,2.5267972389,-9999,-9999,-9999,0.0715528368595,0.0883887984735,3.70531455188,29.0223918289,8.88517874179,2,0,30.1952971547,4.4446938661,1.9178966272,15.1930523598,-9999
7282100,0.311302681992,-9999,-9999,-9999,-9999,-9999,-9999,28.0890804598,24.0900383142,11.4703065134,-9999,-9999,22.3659003831,13.122605364,-9999,0.550766283525,-9999
2423410,3.26273611906,8.64338866629,-9999,-9999,-9999,0.744132799084,-9999,31.9404693761,14.710933028,25.7012020607,-9999,-9999,4.52203777905,9.38752146537,0.0572409845449,1.03033772181,-9999
2346310,-9999,34.0153452685,-9999,-9999,-9999,1.79028132992,-9999,15.0895140665,12.7877237852,14.5780051151,-9999,-9999,7.6726342711,9.97442455243,-9999,4.09207161125,-9999
2446000,0.309380654953,0.531200747183,-9999,-9999,-9999,0.54287548888,0.00583737084817,35.8239448952,18.2826454965,26.8285564182,-9999,-9999,5.18358531317,5.34119432608,0.344404880042,6.80637440897,-9999
7338500,0.738181247055,0.174729071776,-9999,-9999,-9999,0.0137427359824,0.00196324799749,41.3361865871,13.7564787184,32.6095492383,1,-9999,0.155096591801,9.6866656196,0.102088895869,0.76566671902,-9999
2353500,1.00726615663,0.399830840798,-9999,-9999,-9999,0.00384452731537,-9999,15.6318480643,12.9445234708,12.2947983545,0,-9999,34.3470070355,10.9146130483,0.526700242205,11.9180346776,-9999
8207000,0.269047109971,0.479295844915,-9999,-9999,-9999,0.00979972917112,0.404016107191,4.25308246027,20.6573836505,0.213366830589,7,41,10.286597534,15.1485995296,0.0227175539876,0.158131993443,-9999
2315000,0.2872460287,0.188195673976,-9999,-9999,-9999,0.0024762588681,0.0024762588681,0.539824433246,49.262693922,0.758973343073,0,0,2.39454232545,0.258769051717,5.93435437741,40.2342540889,-9999
2437500,1.80235294118,1.74117647059,-9999,-9999,-9999,0.0164705882353,0.0117647058824,26.9117647059,13.8905882353,15.7576470588,0,0,15.8917647059,18.4435294118,0.348235294118,5.17882352941,-9999
8041000,3.39624491697,1.97774652117,-9999,-9999,-9999,0.0251278609755,0.109091689113,21.229058839,16.5782594973,24.2584982732,0,0,1.66885769357,23.430198173,1.04280623048,6.24825713769,-9999
2424000,0.752498530276,5.53791887125,-9999,-9999,-9999,0.573780129336,-9999,31.5579071135,20.1857730747,29.8718400941,-9999,-9999,4.16931216931,6.32333921223,0.0258671369782,1.00176366843,-9999
7371000,5.19480519481,7.79220779221,-9999,-9999,-9999,-9999,-9999,27.2727272727,32.4675324675,15.5844155844,-9999,-9999,1.2987012987,10.3896103896,-9999,-9999,-9999
2318500,0.93839842362,2.51477856381,-9999,-9999,-9999,0.0726814613819,0.0775268921407,5.25406208612,21.1874535646,4.00394095035,0,0,37.6312304164,12.8807701005,0.915786413412,14.3117873179,-9999
2479200,3.65384615385,0.961538461538,-9999,-9999,-9999,-9999,-9999,4.32692307692,28.8461538462,24.0384615385,-9999,-9999,13.3653846154,13.5576923077,-9999,11.25,-9999
2303400,1.20132560066,3.93537696769,-9999,-9999,-9999,0.0414250207125,-9999,-9999,17.3985086993,0.49710024855,27,0,31.8558409279,2.69262634631,6.58657829329,8.86495443248,-9999
2382200,0.120992135511,0.504133897963,-9999,-9999,-9999,0.161322847348,-9999,42.3674127848,21.29461585,25.6704980843,-9999,-9999,1.65355918532,8.22746521476,-9999,-9999,-9999
7348700,0.291776082698,1.06289858697,-9999,-9999,-9999,0.0250093785169,0.0750281355508,23.7922554291,35.8134300363,20.0992038681,-9999,-9999,1.43387103497,12.6589137593,0.237589095911,4.51002459256,-9999
2310800,3.32147093713,1.20601028074,-9999,-9999,-9999,0.691973111902,0.276789244761,-9999,9.35152234085,0.415183867141,11,0,18.0110715698,2.45156188217,13.0881771451,39.4029260577,-9999
8169500,1.07597619987,1.98383111852,-9999,-9999,-9999,0.138882797538,0.502901919506,4.18402701636,48.1192345365,0.00730962092306,20,19,2.19873397366,2.63877315322,0.0277765595076,-9999,-9999
7349500,2.28113440197,0.559274264576,-9999,-9999,-9999,0.0352298749339,0.0484410780342,31.7421173155,26.4620398098,20.4553461335,-9999,-9999,2.51012858904,12.1631143209,0.242205390171,3.50096882156,-9999
7277500,1.84030418251,1.24714828897,-9999,-9999,-9999,0.106463878327,-9999,24.4600760456,6.81368821293,7.33460076046,-9999,-9999,23.3384030418,30.1330798479,0.273764258555,4.45247148289,-9999
2365470,0.985778926955,0.290885585003,-9999,-9999,-9999,-9999,-9999,13.7039431157,14.8190045249,15.5300581771,0,-9999,27.4725274725,14.0433096315,0.888817065288,12.2495151907,-9999
2299410,0.065703022339,-9999,-9999,-9999,-9999,-9999,-9999,-9999,7.88436268068,0.328515111695,39,0,9.00131406045,10.3153745072,14.0604467806,18.791064389,-9999
2445500,0.275505811451,0.576840292725,-9999,-9999,-9999,0.783469651313,0.00860955660783,36.2376237624,19.801980198,27.3783900129,-9999,-9999,5.78562204046,6.30219543693,0.103314679294,2.7464485579,-9999
8065350,3.28115226909,7.23556188755,-9999,-9999,-9999,0.104420043088,0.096080339148,14.7558899159,2.85356869831,2.26631454583,14,2,11.2877892835,39.6820487873,0.606887205504,1.18215303357,-9999
2359500,3.2366371206,2.45769540693,-9999,-9999,-9999,-9999,-9999,4.80795057749,42.7612140747,22.011818426,0,-9999,9.29358044588,0.81923180231,1.26242277733,13.3360193392,-9999
7356000,0.367090082741,0.512760750495,-9999,-9999,-9999,0.00582682671017,0.00582682671017,50.6001631511,5.81517305675,22.9285631045,-9999,-9999,0.769141125743,18.6866332595,0.308821815639,-9999,-9999
2309421,0.595238095238,91.6666666667,-9999,-9999,-9999,-9999,-9999,-9999,1.19047619048,-9999,1,-9999,2.38095238095,-9999,1.19047619048,2.38095238095,-9999
2486000,2.06911262799,2.25499756216,-9999,-9999,-9999,0.00380911750366,0.000761823500731,21.8574780595,23.1632435397,12.489334471,-9999,-9999,10.7744697708,14.9462152608,0.0838005850804,12.3567771819,-9999
8053009,1.05078809107,5.42907180385,-9999,-9999,-9999,-9999,-9999,10.6830122592,8.23117338004,0.700525394046,4,0,23.4676007005,45.7092819615,-9999,-9999,-9999
8105100,0.0584112149533,1.05140186916,-9999,-9999,-9999,-9999,0.35046728972,10.9228971963,16.5595794393,-9999,46,19,3.97196261682,2.13200934579,-9999,-9999,-9999
8048970,0.16051364366,10.7544141252,-9999,-9999,-9999,-9999,-9999,10.7009095773,4.52113429642,2.7822364901,8,1,8.962011771,53.1032637774,-9999,-9999,-9999
7312200,1.82888218423,0.264461578575,-9999,-9999,-9999,-9999,0.327783364994,0.312884121131,0.216039036019,0.379930718516,47,26,18.5719074757,4.77148284725,0.648117108057,-9999,-9999
7271000,0.451467268623,1.35440180587,-9999,-9999,-9999,-9999,-9999,25.0564334086,28.6681715576,10.158013544,-9999,-9999,13.9954853273,20.316027088,-9999,-9999,-9999
2372000,0.274465265947,0.397501419648,-9999,-9999,-9999,0.00946431951543,-9999,17.0263108083,22.3357940564,25.5063410941,-9999,-9999,19.5248911603,4.93091046754,0.189286390309,9.80503501798,-9999
7264000,2.90286564942,9.52735392631,-9999,-9999,-9999,0.0868378613075,0.0124054087582,34.9336310631,0.793946160526,8.91948889716,-9999,-9999,26.3242773849,13.0008683786,0.0248108175164,3.4735144523,-9999
7372050,1.31807600249,1.19020295747,-9999,-9999,-9999,0.0229515721827,0.0131151841044,23.7352044329,38.070100659,18.1251844323,-9999,-9999,3.4427358274,3.38699629496,-9999,10.6954326371,-9999
7341500,1.83655806315,0.762176676461,-9999,-9999,-9999,0.0161644450561,0.353216216541,10.949425608,2.32855758653,3.32691989732,30,9,28.3106861761,12.0317506648,0.249255742765,0.765732854373,-9999
7372500,0.135685210312,0.10854816825,-9999,-9999,-9999,-9999,-9999,14.6811397558,57.9918588874,17.829036635,-9999,-9999,3.63636363636,1.92672998643,0.0271370420624,3.66350067843,-9999
8105095,0.0603318250377,0.422322775264,-9999,-9999,-9999,-9999,0.331825037707,10.7390648567,16.862745098,-9999,47,18,4.10256410256,1.74962292609,-9999,-9999,-9999
2462000,0.472389640007,30.6727480046,-9999,-9999,-9999,0.700439811044,-9999,26.1280338817,13.1617527285,22.5443883369,-9999,-9999,2.63886626486,3.6488027366,-9999,0.0325785958625,-9999
8015500,0.468125541488,1.34009669937,-9999,-9999,-9999,0.048908638663,0.122970291495,10.9555350605,43.1332271317,16.3494592102,0,0,3.55495933596,8.57997261116,1.10673262346,14.2715407619,-9999
8205500,0.178658094829,0.490958071618,-9999,-9999,-9999,0.007033783261,0.4635263169,2.67283763918,30.8016402783,0.179361473156,9,34,11.7921376371,10.4318039544,0.0246182414135,0.021101349783,-9999
2392950,1.05363984674,25.9578544061,-9999,-9999,-9999,-9999,-9999,20.5938697318,16.8582375479,21.7432950192,-9999,-9999,9.09961685824,4.69348659004,-9999,-9999,-9999
8143600,1.3260593935,1.37491421326,-9999,-9999,-9999,0.0162849399202,0.745617606346,2.92082029569,4.32481475881,0.0523444497435,29,47,10.4514417988,2.39388616827,0.0337330898347,0.0151217299259,-9999
2450500,1.32099510494,0.140816737075,-9999,-9999,-9999,-9999,-9999,34.8890230001,28.4650975659,30.4030040904,-9999,-9999,1.48863407765,3.13149601019,0.0134111178167,0.147522295983,-9999
8049550,0.569105691057,16.5040650407,-9999,-9999,-9999,0.0813008130081,0.0813008130081,10.6504065041,3.65853658537,2.68292682927,4,1,9.51219512195,51.5447154472,-9999,-9999,-9999
2416000,0.880252449759,1.08737067323,-9999,-9999,-9999,0.0117236730268,-9999,36.6042381078,18.9571792843,24.2426018738,-9999,-9999,7.5138974374,9.86156296101,0.0332170735758,0.807956466094,-9999
2295420,6.33036597428,2.49258160237,-9999,-9999,-9999,10.4055390702,2.74975272008,0.0791295746785,5.42037586548,0.237388724036,23,2,20.8308605341,3.54104846686,9.73293768546,13.1355093966,-9999
2468500,0.599194831945,0.337047092969,-9999,-9999,-9999,-9999,-9999,19.2304091377,13.9500046812,16.7680928752,-9999,-9999,16.608931748,28.8924258028,0.149798707986,3.46409512218,-9999
8086290,0.843702062383,0.843702062383,-9999,-9999,-9999,0.0340889722175,0.13635588887,5.53945798534,4.73836713823,0.153400374979,47,32,3.75830918698,4.31225498551,-9999,-9999,-9999
8050840,0.494233937397,-9999,-9999,-9999,-9999,-9999,-9999,2.05930807249,2.80065897858,0.658978583196,2,0,36.4909390445,54.2833607908,-9999,0.658978583196,-9999
8091500,0.745699019435,0.728084081968,-9999,-9999,-9999,0.129176208091,0.352298749339,11.1385121249,15.5481181375,0.182021020492,39,21,4.63272855381,6.70541952909,0.0645881040456,-9999,-9999
8023200,0.296369473944,2.17337614226,-9999,-9999,-9999,-9999,0.074092368486,31.4892566066,8.64410965671,28.3032847617,-9999,-9999,1.16078043961,22.8204494937,1.48184736972,3.55643368733,-9999
8177700,0.219298245614,52.850877193,-9999,-9999,-9999,3.1798245614,-9999,9.53947368421,20.5043859649,-9999,6,2,2.41228070175,3.39912280702,-9999,-9999,-9999
8032500,2.62275954521,2.60786455489,-9999,-9999,-9999,0.0508912169207,0.197358621717,25.4170597289,4.39898714066,19.0991013356,0,0,3.36750906112,37.0450821707,1.04761431905,4.12094732138,-9999
8043950,1.98961937716,1.38408304498,-9999,-9999,-9999,0.0235923246304,0.0314564328405,16.4045297263,1.65146272413,0.393205410506,47,5,6.212645486,19.7939603649,0.188738597043,0.0157282164203,-9999
2323592,0.907130659617,1.54267686757,-9999,-9999,-9999,0.176312818979,0.0513743234508,2.21994963869,38.5804285535,2.67797705763,4,0,21.9665029763,4.55591359466,2.47030901776,20.2318356793,-9999
8109700,0.746192374527,0.296432587141,-9999,-9999,-9999,-9999,0.603086987632,40.1001737708,5.34600838189,-9999,12,8,5.04957579475,27.8442195646,0.265767147092,-9999,-9999
2318000,1.05390824307,1.59759106687,-9999,-9999,-9999,0.0125465267032,0.0920078624901,4.81368407846,19.3132867718,4.05252812513,0,-9999,38.1707164067,18.9703483752,0.434946259044,11.4800719334,-9999
8041700,0.317193164164,1.12635939927,-9999,-9999,-9999,-9999,0.0906266183325,14.946918695,12.5712066287,43.9798032108,0,-9999,8.12402900052,15.0051786639,1.5924391507,2.23977213879,-9999
2413300,0.969545562693,3.01570306924,-9999,-9999,-9999,-9999,-9999,26.391862955,13.8591482275,17.9931001665,-9999,-9999,13.9900071378,21.7999048299,0.0356887937188,1.94503925767,-9999
7042000,0.369668246445,0.412322274882,-9999,-9999,-9999,-9999,0.00473933649289,6.55924170616,0.127962085308,1.11848341232,0,-9999,75.7772511848,13.3791469194,0.170616113744,1.95260663507,-9999
7028960,0.710683172856,1.71939477304,-9999,-9999,-9999,0.0687757909216,-9999,34.0784044017,2.70518110958,7.16414488767,-9999,-9999,27.2925263641,20.8161393856,-9999,5.44475011463,-9999
8022300,4.20866489832,0.389036251105,-9999,-9999,-9999,-9999,0.0707338638373,26.542882405,6.75508399646,25.3050397878,0,-9999,0.954907161804,31.317418214,0.813439434129,3.62511052166,-9999
7348500,2.00499105039,0.894243150262,-9999,-9999,-9999,0.0360376162552,0.321308835196,13.1112342485,2.91207060821,4.42612886637,26,8,25.7176628171,15.02122791,0.397211071202,1.43022296282,-9999
7367630,1.72721811417,1.16059998931,-9999,-9999,-9999,0.0596026281771,0.0130528183079,20.7157662319,36.7400664907,16.368391421,0,-9999,4.57933754588,7.63888670468,0.254765851311,10.7419976788,-9999
2298608,0.698463380563,2.73398523249,-9999,-9999,-9999,0.518858511275,-9999,-9999,8.48134104969,0.498902414688,40,0,15.046896827,6.96467770904,7.10437038515,17.3618040311,-9999
7031740,1.24416318506,7.56635536987,-9999,-9999,-9999,0.0245760629147,0.0307200786434,26.7018923568,4.2731629393,6.1163676579,-9999,-9999,24.8218235439,20.6469648562,0.0368640943721,8.537109855,-9999
7359610,0.054784514244,0.237399561724,-9999,-9999,-9999,0.018261504748,0.018261504748,62.2899926954,7.48721694668,19.9415631848,-9999,-9999,0.164353542732,9.64207450694,0.146092037984,-9999,-9999
8172400,0.821799307958,2.16262975779,-9999,-9999,-9999,0.216262975779,0.0865051903114,15.3114186851,1.73010380623,-9999,33,13,19.160899654,14.294982699,0.0432525951557,-9999,-9999
2344000,2.51826937247,5.5349913746,-9999,-9999,-9999,0.0667493086679,0.00144479023091,28.9166095975,21.3794279209,22.8912564185,0,-9999,9.1371423783,6.39955384878,0.128586330551,3.02423491133,-9999
8196000,0.0765550239234,-9999,-9999,-9999,-9999,-9999,0.497607655502,0.650717703349,78.8899521531,-9999,7,12,0.516746411483,0.822966507177,0.0191387559809,-9999,-9999
2472000,0.690907911382,0.30490771676,-9999,-9999,-9999,0.0227058938013,0.00648739822894,17.3667650589,34.5908073567,14.479872847,-9999,-9999,6.06896104317,14.1263096435,0.175159752181,12.1671153784,-9999
7356500,0.31746031746,0.198412698413,-9999,-9999,-9999,-9999,-9999,59.4047619048,11.746031746,22.9365079365,-9999,-9999,0.0396825396825,5.35714285714,-9999,-9999,-9999
8030500,4.42049117143,1.83038185553,-9999,-9999,-9999,0.244188873886,0.133993471052,19.6853998851,17.1265902024,20.2182696735,0,0,3.81027766137,23.8280744776,1.08591619976,7.54010750519,-9999
7047500,0.855924170616,1.65308056872,-9999,-9999,-9999,0.0161137440758,0.00900473933649,21.6426540284,0.390995260664,3.92132701422,1,-9999,58.1758293839,8.52369668246,0.2336492891,3.75971563981,-9999
2474500,0.695918848785,2.08382480145,-9999,-9999,-9999,-9999,-9999,16.2538334513,30.9624911536,22.9731854997,-9999,-9999,6.51883305811,14.0127388535,0.255563419045,6.24361091452,-9999
8108700,1.28629139661,1.15169384514,-9999,-9999,-9999,0.0455646314876,0.50108763207,4.91413625736,4.36119496483,0.0516686890211,30,17,31.5966364793,9.20843321791,0.0713373188513,0.00653565756114,-9999
8082180,0.134770889488,0.0673854447439,-9999,-9999,-9999,-9999,0.75086638429,0.0288794763188,0.105891413169,0.385059684251,41,51,2.39699653446,4.49557181363,0.0192529842126,-9999,-9999
8117500,0.735884399251,0.545223441263,-9999,-9999,-9999,0.0367942199625,0.551913299438,10.4294888948,4.013914905,0.0535188654001,4,4,23.3007760235,45.8422531442,2.69601284453,2.93350280974,-9999
2423000,1.74074664267,2.07327099324,-9999,-9999,-9999,0.0760095949774,0.00169223588076,30.9352000575,18.3159150554,24.9280447202,-9999,-9999,9.02652720763,10.1680813289,0.164005860777,2.57050630287,-9999
8158000,0.566375830026,0.996678355647,-9999,-9999,-9999,0.0169629005943,0.78245234196,1.42167611963,7.40550893328,0.00474961216641,27,44,15.6715612345,1.52487223852,0.0267705413016,0.00154208187221,-9999
7029500,1.12192952108,0.952239740358,-9999,-9999,-9999,0.00329494719847,-9999,41.396069128,12.176477372,9.79752549465,-9999,-9999,14.1435608494,15.6427618247,0.144977676733,4.62116344586,-9999
7031692,0.552922590837,39.8104265403,-9999,-9999,-9999,0.157977883096,0.473933649289,11.6903633491,2.1327014218,6.79304897314,-9999,-9999,30.0157977883,8.37282780411,-9999,-9999,-9999
2338500,2.76696266452,12.6189035131,-9999,-9999,-9999,0.0876250011292,0.00271005158132,32.3914398504,15.1013107616,22.6424809619,-9999,-9999,5.19155547927,8.49239830531,0.0307139179216,0.67389949322,-9999
7365800,0.254965110038,-9999,-9999,-9999,-9999,-9999,0.0268384326355,15.1502952228,52.1470746108,21.0413311863,-9999,-9999,3.31454643049,2.85829307568,-9999,5.20665593129,-9999
2324500,0.211366838891,1.36214185063,-9999,-9999,-9999,0.281822451855,0.0234852043213,0.798496946923,24.4715829028,3.35838421794,2,0,1.05683419446,0.164396430249,5.16674495068,60.450915923,-9999
2395000,1.32727701746,3.35358659745,-9999,-9999,-9999,0.0914346389807,0.00294950448325,36.803916942,17.4581170363,27.3138862671,-9999,-9999,4.49946908919,8.84261444077,0.0958588957055,0.210889570552,-9999
8166200,0.273047708881,1.11204885072,-9999,-9999,-9999,-9999,0.362408777243,2.12480762548,50.1762398848,-9999,14,30,0.446805341806,1.80707938242,0.0248225189892,-9999,-9999
2338660,1.18011220739,2.65041594119,-9999,-9999,-9999,0.0193461017605,-9999,23.4861675372,27.3360417876,21.4741729541,-9999,-9999,8.16405494293,8.86051460631,0.232153221126,6.59702070033,-9999
7040100,1.09045175859,1.18763487731,-9999,-9999,-9999,0.0371582512755,0.0157207986166,53.4292778437,0.716010918809,9.24097125952,2,-9999,17.8059481785,12.7838676023,0.117191407869,1.33912620943,-9999
8158827,0.240609544179,1.67089961235,-9999,-9999,-9999,0.200507953482,0.347547119369,10.5333511563,38.6980350221,-9999,33,11,1.65753241545,2.91404892394,-9999,-9999,-9999
7349795,0.511991376987,0.700619779035,-9999,-9999,-9999,-9999,0.0269469145783,32.5788197251,25.0336836432,32.0398814336,-9999,-9999,3.15278900566,5.17380759903,-9999,0.78146052277,-9999
8111700,0.666196912434,0.666196912434,-9999,-9999,-9999,-9999,0.160143488566,17.5965665236,6.386522324,-9999,6,7,4.25981679585,57.1199795016,0.0832746140542,-9999,-9999
2392780,0.725764644894,5.66787627441,-9999,-9999,-9999,-9999,-9999,34.1282184206,13.7376879212,25.626404009,-9999,-9999,4.42370831173,14.809054778,-9999,0.881285640228,-9999
2373000,0.128812860676,0.896537510305,-9999,-9999,-9999,0.0154575432811,-9999,11.3355317395,47.4443528442,26.0871805441,0,-9999,7.30626545754,2.85964550701,0.0206100577082,3.90045342127,-9999
7332390,0.535395597858,0.550267697799,-9999,-9999,-9999,0.0446162998215,-9999,14.2772159429,0.461035098156,0.133848899465,65,2,1.18976799524,15.1100535396,-9999,-9999,-9999
2387000,0.252498684903,4.4187269858,-9999,-9999,-9999,0.129756268631,-9999,30.0017534631,22.7108539365,24.2398737507,-9999,-9999,4.91671050324,13.1825355076,0.00701385235841,0.140277047168,-9999
8094500,1.10294117647,0.997899159664,-9999,-9999,-9999,0.210084033613,1.31302521008,9.45378151261,2.52100840336,-9999,29,36,18.1722689076,2.04831932773,-9999,-9999,-9999
7337500,1.14313375037,0.0484063151623,-9999,-9999,-9999,-9999,-9999,44.6790288948,14.7713732499,34.1413464403,1,-9999,0.145218945487,4.5017873101,0.0148942508192,0.0335120643432,-9999
2383000,-9999,-9999,-9999,-9999,-9999,-9999,-9999,23.8095238095,27.380952381,28.9682539683,-9999,-9999,5.95238095238,13.8888888889,-9999,-9999,-9999
2294491,12.5735687533,29.2848225432,-9999,-9999,-9999,0.231853040842,0.820403067594,0.178348492955,5.54663813091,0.0891742464776,10,2,17.4246477617,3.29944711967,5.31478509007,13.8398430533,-9999
8049500,2.73523321795,9.71754627215,-9999,-9999,-9999,0.167543901244,0.041885975311,11.9382932651,2.32585708189,0.775285693964,39,7,4.76314666414,21.3049457063,0.243412837656,0.215752287923,-9999
8091000,0.89031358937,0.863949798871,-9999,-9999,-9999,0.0240348337404,0.440638618575,1.72249641806,2.27045336404,0.0719181846807,32,13,40.4911490327,7.50510973113,0.0778803139806,0.00381948908278,-9999
2315550,0.656068873072,0.366265788132,-9999,-9999,-9999,0.335114316461,0.0538070874318,0.426680763494,49.3911303264,0.59282194574,1,0,3.16706628656,0.345498140352,5.1513206336,38.3229180433,-9999
7316000,1.19898237696,0.720724683328,-9999,-9999,-9999,0.00706900844589,0.557744766381,1.83095173202,0.363425578657,0.243488068692,35,14,39.1029271193,6.27995001426,0.132897358783,0.0194005009571,-9999
8082700,0.453103760761,-9999,-9999,-9999,-9999,-9999,0.135931128228,0.0679655641142,0.11327594019,-9999,25,7,49.9093792478,17.1952877209,0.203896692343,-9999,-9999
7047000,1.03303551244,1.31512989119,-9999,-9999,-9999,0.0127777941596,0.0108119796735,40.6766333461,0.656582038353,7.28629139268,2,-9999,31.0608517874,10.9545012237,0.405940691377,5.01675856849,-9999
8016400,0.225297714837,1.46443514644,-9999,-9999,-9999,-9999,0.144834245253,6.53363373029,37.7373672353,13.1638236241,0,-9999,3.78178307049,23.1734792404,1.77019633087,11.9890569681,-9999
7344482,0.964912280702,0.526315789474,-9999,-9999,-9999,0.0877192982456,0.175438596491,21.6666666667,0.877192982456,5.78947368421,-9999,-9999,3.68421052632,63.7719298246,0.614035087719,1.84210526316,-9999
7372200,1.255054551,0.989293252969,-9999,-9999,-9999,0.0190737773709,0.00762951094835,21.7898832685,41.2642099641,18.3222705425,0,0,2.58894738181,2.21764451565,0.00508634063223,11.5370921391,-9999
2324000,0.0352205688122,0.0792462798274,-9999,-9999,-9999,-9999,-9999,0.563529100995,56.8548032051,4.01514484459,0,-9999,0.149687417452,0.0704411376244,1.01259135335,37.0080126794,-9999
2440500,0.906185911194,0.581866742977,-9999,-9999,-9999,-9999,-9999,18.2572614108,12.1619688081,6.75823913769,-9999,-9999,29.1648781418,24.6053321887,0.338627366815,7.22564029189,-9999
7331600,1.66981427296,0.745197312906,-9999,-9999,-9999,0.00925408427792,0.448518676812,3.8086645017,0.787510395624,0.251382328839,37,12,35.7626522206,7.15158068283,0.119207217212,0.0613083083412,-9999
7030500,1.06096975516,0.168026884301,-9999,-9999,-9999,-9999,0.0192030724916,34.3158905425,5.57849255881,5.23283725396,-9999,-9999,23.8550168027,21.1185789726,0.0576092174748,8.59337493999,-9999
7383500,0.58,5.14,-9999,-9999,-9999,-9999,-9999,2.83,0.55,1.43,0,-9999,68.68,9.55,2.5,8.7,-9999
8083300,0.970200970201,0.918225918226,-9999,-9999,-9999,0.155925155925,1.85377685378,5.78655578656,23.0595980596,0.017325017325,14,44,8.66250866251,0.918225918226,0.17325017325,0.017325017325,-9999
7359001,4.89955827493,1.2065493936,-9999,-9999,-9999,0.014047793716,0.0218521235582,47.1053740615,14.4052320227,21.8302714346,-9999,-9999,0.291881936098,10.1034854137,0.121747545538,-9999,-9999
2312000,0.664875449702,4.18507217997,-9999,-9999,-9999,0.25957466187,0.136618243089,0.100186711599,18.4798943486,1.50280067398,16,1,10.4831731864,4.08033152694,7.16334987932,36.1537410629,-9999
2431000,1.06694200654,0.688349681638,-9999,-9999,-9999,-9999,-9999,26.4268915276,13.6752136752,14.845408134,0,-9999,16.3483049389,19.9449320255,0.263867377961,6.72861813801,-9999
8175000,0.329438636563,0.417288939647,-9999,-9999,-9999,0.0307476060792,0.210840727401,21.3739787402,6.69858561012,-9999,21,22,3.47887200211,24.3521040148,0.114205394009,0.101027848546,-9999
2312558,1.09426880323,5.65035368847,-9999,-9999,-9999,0.320485058467,0.158798902844,0.375342861268,21.4667244117,1.31081276166,15,1,12.8136278331,3.12978201242,7.12573985852,30.7810018767,-9999
8158810,0.196463654224,6.09037328094,-9999,-9999,-9999,-9999,-9999,9.23379174853,41.8467583497,-9999,27,14,0.589390962672,0.98231827112,-9999,-9999,-9999
8022400,0.232964472918,0.349446709377,-9999,-9999,-9999,-9999,0.145602795574,23.0343622598,15.987186954,32.3820617356,-9999,-9999,1.48514851485,16.4822364589,0.873616773442,9.02737332557,-9999
2371200,0.539083557951,-9999,-9999,-9999,-9999,-9999,-9999,23.7196765499,14.8247978437,42.5876010782,-9999,-9999,13.4770889488,4.04312668464,-9999,0.808625336927,-9999
8068390,0.61919504644,12.693498452,-9999,-9999,-9999,-9999,-9999,8.66873065015,15.479876161,52.6315789474,0,-9999,-9999,6.50154798762,1.23839009288,2.01238390093,-9999
8089000,0.797877713976,0.827275335497,-9999,-9999,-9999,0.0192953460838,0.463997510799,0.894051376132,1.48968153587,0.0392978514481,32,13,43.4567561998,6.66356190068,0.0819294537902,0.00414193292897,-9999
2472500,0.657165479018,0.182106096595,-9999,-9999,-9999,-9999,-9999,15.8273950911,32.5178147268,15.5265241489,-9999,-9999,9.92874109264,25.2731591449,0.0158353127474,0.0712589073634,-9999
8052700,1.45502645503,1.09126984127,-9999,-9999,-9999,-9999,-9999,2.1164021164,4.62962962963,2.0171957672,7,0,23.3134920635,58.3002645503,-9999,-9999,-9999
8064100,2.27551356039,2.17384803995,-9999,-9999,-9999,0.0358819483898,0.158478605388,10.9380139342,2.28448404748,0.197350716144,5,0,28.7563914721,47.7140208713,0.0598032473163,0.0299016236582,-9999
7264500,3.76816564496,5.68011317358,-9999,-9999,-9999,0.0428687786685,0.0085737557337,17.160372101,0.595876023492,5.50006430317,-9999,-9999,46.5169117332,9.11390234492,0.210057015476,11.4030951258,-9999
8074500,0.1015486164,66.0066006601,-9999,-9999,-9999,-9999,0.0761614623001,3.3764914953,1.015486164,6.19446560041,-9999,-9999,5.73749682661,15.8161970043,0.837776085301,0.837776085301,-9999
2389300,0.220994475138,0.220994475138,-9999,-9999,-9999,-9999,-9999,34.1436464088,20.1104972376,36.1325966851,-9999,-9999,2.20994475138,6.96132596685,-9999,-9999,-9999
2478500,0.763406601274,1.09096441612,-9999,-9999,-9999,0.00715973365791,0.00715973365791,16.9533543352,30.2480847712,27.9480203336,0,-9999,6.77400300709,7.82200902126,0.352616882652,8.03143123076,-9999
2354500,1.48665048544,0.614381067961,-9999,-9999,-9999,-9999,0.00758495145631,17.1268203883,11.3395024272,11.7794296117,-9999,-9999,22.7320995146,10.3155339806,0.834344660194,23.7636529126,-9999
2336120,0.273785078713,64.681724846,-9999,-9999,-9999,-9999,-9999,8.2135523614,11.498973306,14.1683778234,-9999,-9999,1.16358658453,-9999,-9999,-9999,-9999
2314500,0.409094646822,0.273415015213,-9999,-9999,-9999,0.00411150398816,0.00411150398816,0.429652166763,45.8021544281,0.717457445934,0,0,2.31477674533,0.273415015213,6.95872049996,42.6219060932,-9999
2385800,-9999,2.07312476442,-9999,-9999,-9999,-9999,-9999,36.2608367885,28.3452695062,27.9306445533,-9999,-9999,0.753863550697,4.63626083679,-9999,-9999,-9999
2294775,9.5517261799,22.0050926748,-9999,-9999,-9999,0.923787528868,0.586249777936,0.171729732931,5.0453011192,0.0947474388583,14,1,23.9414934565,4.45312962634,6.80997216794,10.9847811926,-9999
2298495,-9999,-9999,-9999,-9999,-9999,-9999,-9999,-9999,6.98924731183,0.537634408602,36,-9999,32.2580645161,3.76344086022,5.37634408602,15.0537634409,-9999
8162600,0.367421922841,2.37293325168,-9999,-9999,-9999,-9999,0.428658909982,7.10349050827,3.59767299449,0.0459277403552,6,2,38.3955909369,36.1604409063,3.21494182486,0.0765462339253,-9999
8157500,0.578034682081,95.3757225434,-9999,-9999,-9999,-9999,-9999,0.578034682081,-9999,-9999,1,2,0.578034682081,-9999,-9999,-9999,-9999
2310280,1.33259300389,6.94058856191,-9999,-9999,-9999,0.370164723302,0.0370164723302,-9999,30.1499167129,0.481214140292,20,2,27.1700906904,1.05496946141,4.64556727744,5.49694614103,-9999
2483001,0.809482509396,1.96588609425,-9999,-9999,-9999,-9999,-9999,15.8282740676,20.4683434519,11.4339404452,-9999,-9999,6.25903440301,25.1228678809,0.404741254698,17.707429893,-9999
7044000,0.356760613628,4.20977524081,-9999,-9999,-9999,-9999,-9999,2.42597217267,0.178380306814,0.570816981805,-9999,-9999,88.9760970389,2.03353549768,0.107028184088,1.14163396361,-9999
7289500,0.76166192671,0.683207479324,-9999,-9999,-9999,0.00163446765389,-9999,28.943153215,22.0260861038,12.4301265078,-9999,-9999,15.8902945311,11.980647903,0.00490340296166,7.27828446275,-9999
8066500,3.47529735898,6.18850019629,-9999,-9999,-9999,0.0931511398351,0.110458677901,14.6286688815,4.65389848777,6.23141726223,12,2,9.39700818801,39.3006347504,0.773070033616,1.65505091653,-9999
7338750,0.194712798622,0.164756983449,-9999,-9999,-9999,0.00748895379316,0.00748895379316,58.0993035273,4.56826181382,24.7210364712,-9999,-9999,0.269602336554,11.8999475773,0.0674005841384,-9999,-9999
2378300,-9999,0.98452883263,-9999,-9999,-9999,-9999,-9999,3.65682137834,9.70464135021,5.20393811533,-9999,-9999,25.4571026723,51.617440225,0.14064697609,3.23488045007,-9999
2455980,0.263157894737,14.298245614,-9999,-9999,-9999,-9999,-9999,38.5087719298,11.3157894737,25.701754386,-9999,-9999,4.29824561404,5.61403508772,-9999,-9999,-9999
8086050,0.852878464819,0.863539445629,-9999,-9999,-9999,-9999,0.44776119403,7.47334754797,4.96801705757,0.0426439232409,34,44,4.97867803838,2.22814498934,0.0426439232409,-9999,-9999
7295000,0.308310991957,0.201072386059,-9999,-9999,-9999,-9999,0.402144772118,20.254691689,36.4343163539,30.2010723861,-9999,-9999,4.65147453083,6.40750670241,0.0134048257373,1.12600536193,-9999
2301750,2.5641025641,67.4679487179,-9999,-9999,-9999,0.320512820513,-9999,0.320512820513,3.04487179487,-9999,9,-9999,6.89102564103,3.52564102564,2.88461538462,4.32692307692,-9999
8148500,0.0508415616387,0.288994139841,-9999,-9999,-9999,0.00535174333039,0.369270289797,1.5760884108,8.41294051537,-9999,23,64,0.743892322924,1.34061170426,0.00802761499558,-9999,-9999
7314900,1.53207331042,0.200458190149,-9999,-9999,-9999,-9999,0.0715922107675,2.20504009164,0.987972508591,0.0715922107675,60,16,7.98969072165,11.0824742268,0.300687285223,-9999,-9999
2330300,-9999,0.0297088532383,-9999,-9999,-9999,-9999,-9999,1.21806298277,32.0261437908,7.01128936423,-9999,-9999,0.148544266191,0.237670825906,0.0594177064765,59.2691622103,-9999
7030000,1.05036885046,0.96975914798,-9999,-9999,-9999,0.00244271825688,-9999,37.5751135864,9.76354487273,8.90248668719,-9999,-9999,17.4092530168,16.8364355855,0.111143680688,7.37945185402,-9999
7335700,0.0602409638554,0.0602409638554,-9999,-9999,-9999,-9999,-9999,77.4096385542,0.843373493976,20,-9999,-9999,0.180722891566,1.44578313253,-9999,-9999,-9999
2449245,1.11296605454,0.0556483027268,-9999,-9999,-9999,-9999,-9999,13.6338341681,21.2020033389,22.3706176962,-9999,-9999,18.6421814135,11.9087367835,0.278241513634,10.795770729,-9999
7024000,0.1755001755,0.4212004212,-9999,-9999,-9999,-9999,-9999,14.2506142506,0.2106002106,2.3166023166,-9999,-9999,33.6609336609,46.5075465075,-9999,2.457002457,-9999
2415000,0.0635243298183,0.393850844874,-9999,-9999,-9999,-9999,-9999,43.4760513277,18.7777918943,25.9560411638,-9999,-9999,4.12908143819,7.2036590014,-9999,-9999,-9999
7028100,0.617356955318,2.52383092462,-9999,-9999,-9999,0.00473070463846,0.00236535231923,21.5578210374,3.297301133,5.12335312345,-9999,-9999,36.3176195094,21.576743856,1.19686827353,7.78200913026,-9999
2300500,3.97779833488,2.7443724946,-9999,-9999,-9999,3.53068146778,0.0308356460068,0.107924761024,8.98859081098,1.09466543324,34,0,21.2611779217,7.10761640456,3.53068146778,13.675609004,-9999
2312300,0.671984739443,5.34119483222,-9999,-9999,-9999,0.277464666609,0.138732333304,0.121390791641,18.1999479754,1.46536027053,16,1,11.4540882684,3.97554842626,6.87158588399,34.5660279199,-9999
2389000,0.112283853582,0.0224567707164,-9999,-9999,-9999,-9999,-9999,45.5423310128,20.5704019762,30.1369863014,-9999,-9999,0.763530204357,2.85200988098,-9999,-9999,-9999
7026040,0.504128867942,1.64892150556,-9999,-9999,-9999,0.03282088984,0.0013128355936,19.9406598312,2.02176681414,4.75640335561,-9999,-9999,31.1759068412,33.8212705623,0.0013128355936,6.09549566108,-9999
2307780,-9999,92.1568627451,-9999,-9999,-9999,-9999,-9999,-9999,3.92156862745,-9999,-9999,-9999,-9999,-9999,1.96078431373,1.96078431373,-9999
2380500,0.153029993879,0.612119975515,-9999,-9999,-9999,0.112221995511,-9999,57.7127116915,12.426035503,24.3317690267,-9999,-9999,0.520301979188,4.13180983473,-9999,-9999,-9999
8449000,0.00869330876025,0.164303535569,-9999,-9999,-9999,0.00260799262807,0.282532534708,0.953655970999,0.618094252854,-9999,24,72,0.696334031696,0.628526223366,0.000869330876025,0.00260799262807,-9999
2334500,5.51850578664,1.97547840037,-9999,-9999,-9999,0.0297925976853,0.00687521485046,40.1741721095,11.6443222184,26.3824911195,-9999,-9999,3.36198006188,10.8720064169,0.00458347656698,0.0297925976853,-9999
2458300,-9999,82.1495327103,-9999,-9999,-9999,0.0934579439252,-9999,8.31775700935,1.4953271028,7.28971962617,-9999,-9999,0.280373831776,0.18691588785,-9999,0.18691588785,-9999
7312500,1.90116693903,0.327602212658,-9999,-9999,-9999,-9999,0.946747378031,0.296913480793,0.346782670073,0.264690312335,38,33,18.4899609486,6.17917616099,0.227863834097,0.00306887318649,-9999
7354100,0.227391988805,-9999,-9999,-9999,-9999,-9999,-9999,15.3402133986,58.0374322197,20.0104950149,-9999,-9999,1.06699317824,2.2914115795,-9999,3.02606262026,-9999
8014000,0.0564334085779,0.522009029345,-9999,-9999,-9999,-9999,0.1269751693,14.5457110609,45.6969525959,19.6952595937,-9999,-9999,1.66478555305,4.71218961625,1.3967268623,11.5829571106,-9999
2443000,0.273160071802,0.577538437524,-9999,-9999,-9999,0.0858503082807,-9999,34.0201357996,14.859907906,26.808709904,-9999,-9999,8.76453601811,8.46796222586,0.210723483962,5.93147584485,-9999
8147000,0.401116874476,0.881856488098,-9999,-9999,-9999,0.0157089349958,0.862528337687,0.793763244788,1.95491535656,0.00577534374846,29,45,19.1595873786,1.52753991918,0.0288767187423,0.00192511458282,-9999
8177300,0.0867302688638,0.260190806592,-9999,-9999,-9999,-9999,0.173460537728,38.5949696444,8.23937554206,-9999,25,15,6.15784908933,5.89765828274,0.954032957502,-9999,-9999
7354000,-9999,-9999,-9999,-9999,-9999,-9999,-9999,23.7668161435,43.7219730942,30.0448430493,-9999,-9999,0.224215246637,2.13004484305,-9999,0.112107623318,-9999
7342480,0.167785234899,1.73378076063,-9999,-9999,-9999,0.111856823266,0.503355704698,13.8143176734,0.447427293065,0.391498881432,0,-9999,23.0984340045,56.2639821029,1.23042505593,2.12527964206,-9999
8169000,0.24235645041,5.182699478,-9999,-9999,-9999,1.73378076063,0.260999254288,8.83668903803,49.6644295302,-9999,12,7,2.72184936614,12.1178225205,0.0186428038777,-9999,-9999
2479155,0.0914494741655,0.137174211248,-9999,-9999,-9999,-9999,-9999,1.92043895748,54.2752629172,23.3196159122,-9999,-9999,0.868770004572,2.14906264289,-9999,17.2382258802,-9999
2413500,1.11918960869,2.16485581243,-9999,-9999,-9999,-9999,-9999,30.5040437873,14.173678621,19.3856711053,-9999,-9999,11.9434686709,19.316232334,0.0571848705171,1.33567518994,-9999
2322016,0.45766590389,3.77574370709,-9999,-9999,-9999,0.228832951945,0.0572082379863,-9999,37.9862700229,0.171624713959,13,1,20.5377574371,2.28832951945,1.71624713959,19.1075514874,-9999
2464500,1.28977898762,0.149069933243,-9999,-9999,-9999,0.077775617344,-9999,35.9971482274,18.8281806987,31.8361526995,-9999,-9999,6.11186726295,5.21096636205,0.00648130144533,0.492578909845,-9999
2404000,0.40809238517,6.12138577755,-9999,-9999,-9999,0.303898584701,-9999,41.0349917513,14.8562993835,23.9472084744,-9999,-9999,5.69592775897,7.36302856647,0.0173656334115,0.251801684466,-9999
2331000,0.271002710027,0.207237366491,-9999,-9999,-9999,0.0159413358839,-9999,49.3224932249,15.1920930974,29.8740634465,-9999,-9999,1.00430416069,4.11286465806,-9999,-9999,-9999
2329700,0.254452926209,2.54452926209,-9999,-9999,-9999,-9999,-9999,2.7989821883,21.1195928753,6.87022900763,3,-9999,43.2569974555,2.29007633588,0.254452926209,17.8117048346,-9999
7359002,4.8983162038,1.20739745712,-9999,-9999,-9999,0.0140576676767,0.0218674830527,47.0838149386,14.4122332948,21.8378057543,-9999,-9999,0.292087095061,10.1105869857,0.121833119865,-9999,-9999
8189500,0.0553039991704,0.653278490201,-9999,-9999,-9999,0.0656734990149,0.145172997822,25.8753586119,7.49369188759,0.909059486364,21,31,4.36210293457,7.78403788324,0.691299989631,0.152085997719,-9999
2314200,-9999,-9999,-9999,-9999,-9999,-9999,-9999,-9999,68.2906688687,0.0825763831544,0,-9999,1.15606936416,-9999,1.07349298101,29.0668868704,-9999
7366000,0.476041012764,0.0209248796819,-9999,-9999,-9999,-9999,0.010462439841,13.9307386483,52.9661016949,20.260514752,-9999,-9999,3.18581293158,2.38020506382,-9999,6.76919857711,-9999
7287404,0.77101002313,0.077101002313,-9999,-9999,-9999,0.308404009252,-9999,26.9468003084,18.7740940632,23.4772552043,-9999,-9999,8.24980724749,19.5451040864,-9999,1.85042405551,-9999
2329534,1.13314447592,4.95750708215,-9999,-9999,-9999,0.14164305949,-9999,2.26628895184,31.5864022663,7.64872521246,3,-9999,29.7450424929,1.69971671388,1.84135977337,16.4305949008,-9999
8172000,0.471670980731,1.67098073051,-9999,-9999,-9999,0.0632729364395,0.491803278689,11.8406672419,29.8418176589,0.00575208513086,27,11,7.71929824561,9.78717285016,0.0230083405234,-9999,-9999
8105000,0.328240630222,1.12795416567,-9999,-9999,-9999,0.202912389592,0.513248985438,8.1702076868,33.2298878014,-9999,33,21,2.08283599905,0.811649558367,0.0238720458343,-9999,-9999
7287400,0.606394707828,0.74421168688,-9999,-9999,-9999,-9999,-9999,36.7144432194,21.1686879824,19.6802646086,-9999,-9999,8.82028665932,11.2734288864,-9999,0.992282249173,-9999
2482500,0.578260529812,0.0234429944518,-9999,-9999,-9999,-9999,-9999,30.8119090412,28.952098148,14.6753145268,-9999,-9999,9.11151051028,8.43166367117,0.0625146518715,7.35328592639,-9999
8143500,1.45054431894,0.957300878499,-9999,-9999,-9999,0.0204302016753,0.73694656043,2.95508274232,3.37536117678,0.0642092052652,31,45,11.3329247293,2.58733911216,0.0408604033506,0.0189709015556,-9999
7352500,1.30656647788,0.532720237761,-9999,-9999,-9999,0.0112151629002,-9999,21.3312398363,35.5240284865,20.5237481074,-9999,-9999,5.08607637526,6.54404755229,0.044860651601,9.0954971121,-9999
8154000,0.429880463064,0.797541385422,-9999,-9999,-9999,0.0075417625099,0.477016478751,5.45457973528,33.5250197971,-9999,23,29,5.56582073231,1.94954560881,0.0150835250198,-9999,-9999
8055500,3.54851997881,3.34549520391,-9999,-9999,-9999,0.000980796014045,0.0186351242669,8.85854959885,3.3866886365,1.42705820044,22,2,16.1203632868,38.3873751937,0.112791541615,0.332489848761,-9999
8018500,5.52101730837,2.33486400565,-9999,-9999,-9999,0.00706464146945,0.192511480042,16.7025785941,0.53514659131,2.23595902508,0,-9999,13.5923701872,53.6082656305,1.65135994348,3.58353938538,-9999
8057445,0.267379679144,81.550802139,-9999,-9999,-9999,-9999,-9999,3.20855614973,0.802139037433,0.267379679144,4,-9999,0.267379679144,8.82352941176,0.534759358289,-9999,-9999
7342470,0.432514947208,2.3915532375,-9999,-9999,-9999,0.0254420557181,0.26714158504,14.7182292329,0.699656532248,0.725098587966,0,-9999,20.6589492431,56.5576898613,1.59012848238,1.86999109528,-9999
2374745,0.06623393827,0.291429328388,-9999,-9999,-9999,0.026493575308,-9999,9.16677705656,45.7146641939,24.2946085574,-9999,-9999,9.18002384422,6.23923698503,0.06623393827,4.95429858259,-9999
7376000,0.528744472217,0.346087290906,-9999,-9999,-9999,0.00961353585849,-9999,11.3247452413,37.3005191309,21.9188617574,-9999,-9999,5.92193808883,18.2561045953,0.0480676792924,4.34531820804,-9999
2418230,1.09140518417,10.0613915416,-9999,-9999,-9999,0.0682128240109,-9999,21.9645293315,27.6261937244,26.8758526603,-9999,-9999,4.91132332879,6.37789904502,0.0341064120055,0.989085948158,-9999
2375500,0.354792848785,0.548544971881,-9999,-9999,-9999,0.0616484028031,0.00691971868198,11.277883321,39.2335467962,25.3884478442,0,-9999,10.9318973869,6.13779047092,0.173622032384,5.88301901035,-9999
8056500,0.78125,96.484375,-9999,-9999,-9999,-9999,-9999,-9999,-9999,-9999,1,-9999,0.390625,1.5625,-9999,-9999,-9999
8066000,3.00229694922,6.60322564157,-9999,-9999,-9999,0.0991266017078,0.108884376563,14.8627948436,3.15919577349,3.53665128655,13,2,10.2571251117,41.1866383536,0.766682310083,1.56821381608,-9999
7360501,4.60619558615,0.283458189917,-9999,-9999,-9999,-9999,-9999,47.4488762907,17.0581089289,25.5416076129,-9999,-9999,0.0607410406965,4.87953026929,0.121482081393,-9999,-9999
8057100,0.490596892886,24.3663123467,-9999,-9999,-9999,-9999,0.245298446443,3.27064595258,3.59771054783,0.245298446443,5,0,33.8511856092,29.1087489779,-9999,-9999,-9999
7350000,1.97584052144,1.68336412847,-9999,-9999,-9999,0.0872786696502,0.0575667821097,25.0044103583,28.8028894811,22.4946843576,-9999,-9999,5.88109674005,8.67958514777,0.230267128439,5.10301668508,-9999
8180800,1.26213835847,2.11778285198,-9999,-9999,-9999,0.0602213133265,0.644869896871,7.20648382807,47.8433242165,0.0175645497202,11,16,7.28928813389,6.72220410007,0.0276014352746,-9999,-9999
7030392,1.14002763703,0.115154306771,-9999,-9999,-9999,-9999,-9999,38.622754491,10.0414555504,7.11653615845,-9999,-9999,17.4458774758,17.2846614463,0.138185168125,8.09534776601,-9999
2426000,1.49746192893,0.406091370558,-9999,-9999,-9999,-9999,-9999,11.421319797,9.13705583756,15.5583756345,-9999,-9999,29.7461928934,21.269035533,0.812182741117,10.152284264,-9999
8141500,1.25729681185,-9999,-9999,-9999,-9999,-9999,0.942972608891,1.07768298159,4.49034575662,0.0449034575662,41,45,2.15536596318,3.09833857207,0.179613830265,-9999,-9999
2466030,1.52691414639,3.20170137115,-9999,-9999,-9999,0.417035310928,0.001246121447,32.5923064462,17.468130444,26.7243205523,-9999,-9999,6.33071232456,9.30312734946,0.125027518515,2.3094784151,-9999
7359910,4.29732263777,0.390665694343,-9999,-9999,-9999,0.0104177518492,0.0312532555475,47.7706011043,17.6060006251,18.6321491822,-9999,-9999,0.333368059173,10.7250755287,0.203146161058,-9999,-9999
8058900,0.975050186407,0.975050186407,-9999,-9999,-9999,-9999,0.0143389733295,7.55663894465,7.16948666475,2.09349010611,14,1,29.8680814454,37.1092629768,-9999,-9999,-9999
7028000,0.598178162774,2.48454913252,-9999,-9999,-9999,0.0049641341309,0.00248206706545,22.107771352,3.42028841619,5.1155402219,-9999,-9999,35.4985231701,21.5592345305,1.25592593512,7.95254287771,-9999
2300037,4.7619047619,57.1428571429,-9999,-9999,-9999,-9999,-9999,-9999,6.34920634921,-9999,2,-9999,-9999,-9999,3.1746031746,26.9841269841,-9999
2484000,0.646139119336,1.25239310785,-9999,-9999,-9999,0.0159540523293,-9999,29.5229738354,27.1458200383,14.1751754946,-9999,-9999,11.2635609445,7.25909380983,0.0159540523293,8.70293554563,-9999
2465493,0.0752445447705,0.225733634312,-9999,-9999,-9999,-9999,-9999,34.4620015049,20.7674943567,32.9571106095,-9999,-9999,4.28893905192,4.43942814146,0.0752445447705,2.70880361174,-9999
2334578,-9999,8.05687203791,-9999,-9999,-9999,-9999,-9999,36.9668246445,15.6398104265,30.8056872038,-9999,-9999,3.79146919431,4.73933649289,-9999,-9999,-9999
8088450,0.518774703557,-9999,-9999,-9999,-9999,-9999,0.0494071146245,6.29940711462,5.45948616601,0.172924901186,55,26,1.70454545455,4.49604743083,-9999,-9999,-9999
2436000,2.01446280992,0.912534435262,-9999,-9999,-9999,0.017217630854,-9999,24.9483471074,11.7768595041,9.12534435262,-9999,-9999,18.8533057851,32.3002754821,-9999,0.051652892562,-9999
2401390,0.444748546014,0.735545672255,-9999,-9999,-9999,0.119739993158,-9999,44.3722203216,11.0502907971,24.7006500171,-9999,-9999,5.69620253165,12.8806021211,-9999,-9999,-9999
8074760,0.577478344562,30.4138594803,-9999,-9999,-9999,-9999,0.769971126083,15.0144369586,0.288739172281,1.92492781521,4,2,19.0567853705,24.8315688162,0.769971126083,0.481231953802,-9999
7311700,0.180813405659,0.132426719637,-9999,-9999,-9999,-9999,0.486413527899,0.0178266737973,0.0432933506507,0.0967733720427,35,28,31.6550793287,4.26566837293,-9999,-9999,-9999
7370500,1.92144673637,0.178958274465,-9999,-9999,-9999,-9999,0.0188377131016,23.0950362626,43.7223321089,18.3856079872,-9999,-9999,1.61062447019,1.29980220401,0.0188377131016,9.74851653009,-9999
2319800,0.807627138707,1.28652162297,-9999,-9999,-9999,0.149485425171,0.0524213595057,3.00053097764,35.9424514933,3.4655591668,1,0,21.8096529706,5.63647985498,2.8655882522,23.6592814554,-9999
7346050,1.06134969325,0.846625766871,-9999,-9999,-9999,-9999,0.0736196319018,37.1901840491,4.46625766871,12.9693251534,-9999,-9999,2.36196319018,34.8036809816,1.42944785276,4.79754601227,-9999
2307445,0.817438692098,19.3460490463,-9999,-9999,-9999,-9999,-9999,-9999,2.45231607629,-9999,3,0,2.99727520436,2.72479564033,1.08991825613,67.5749318801,-9999
7289350,0.570269625388,0.649009782868,-9999,-9999,-9999,0.00238606537819,-9999,29.5752803627,22.7201145311,11.9756621331,-9999,-9999,15.8577905035,11.4364113577,0.00477213075638,7.20830350752,-9999
2312600,0.79709061924,5.4924525482,-9999,-9999,-9999,0.460818014248,0.139490858367,0.351218054103,24.9140636676,1.33512678723,16,1,12.7982862552,3.10616250685,6.45394310766,26.9341902057,-9999
8103900,-9999,-9999,-9999,-9999,-9999,-9999,0.506879073135,3.18609703114,28.0231716148,-9999,25,43,0.289645184649,-9999,-9999,-9999,-9999
2376300,0.0466417910448,2.42537313433,-9999,-9999,-9999,-9999,-9999,6.85634328358,28.9645522388,19.1697761194,-9999,-9999,19.2164179104,20.1026119403,0.139925373134,3.07835820896,-9999
8126500,0.268863998408,1.01460320618,-9999,-9999,-9999,0.0226735145557,1.10953940584,0.525440414735,0.201574858437,-9999,37,32,25.389509038,1.69963590724,0.0373015884625,0.000292561478138,-9999
8159200,0.577372905127,1.16979410324,-9999,-9999,-9999,0.0197433603922,0.772158009484,1.8845278267,7.59204438885,0.00469506741033,27,44,15.5398304238,1.83601213013,0.0269063478515,0.00150482929818,-9999
2338000,2.9117288515,13.6843262255,-9999,-9999,-9999,0.0909290753212,0.00299766182378,32.7494554248,14.1639521173,22.8271947881,-9999,-9999,4.77927216771,8.12566198365,0.0319750594536,0.632506644817,-9999
2424940,0.0329779048038,0.0219852698692,-9999,-9999,-9999,-9999,-9999,19.8746839617,32.6261404859,32.5272067715,-9999,-9999,3.30878311531,2.38540178081,0.14290425415,9.07991645597,-9999
2439400,0.221608330045,0.573753073677,-9999,-9999,-9999,0.00910719164567,-9999,40.1171791992,16.441516651,23.0260162108,-9999,-9999,6.32342673264,6.35985549923,0.218572599496,6.70896451231,-9999
2398300,0.217334035827,1.94942044257,-9999,-9999,-9999,0.0395152792413,-9999,31.9612750263,18.3416754478,25.1712328767,-9999,-9999,5.28187565859,16.7808219178,0.0197576396207,0.237091675448,-9999
8017500,7.7249815937,2.78926204905,-9999,-9999,-9999,0.0113269524834,0.101942572351,14.6146004418,0.424760718129,1.47250382285,0,-9999,18.0523305205,50.6626267203,1.65373506258,2.43529478394,-9999
2444500,1.24615397105,1.33667264712,-9999,-9999,-9999,0.0543923883129,0.00405913345619,26.122147444,12.6340528824,15.7802872243,0,0,19.4184885411,14.9952508139,0.407536999001,7.99811656208,-9999
7024500,0.479253373692,1.39992432841,-9999,-9999,-9999,-9999,-9999,26.699457687,3.61962416446,7.97074032034,-9999,-9999,25.9994955228,26.8192710304,0.00630596544331,7.00592760752,-9999
7340300,0.107903965471,-9999,-9999,-9999,-9999,-9999,-9999,70.7580253574,5.09846236849,23.3072565417,-9999,-9999,-9999,0.728351766927,-9999,-9999,-9999
8084000,1.03109479594,2.45735262362,-9999,-9999,-9999,0.0248326495357,0.46966098035,1.41546102354,3.62664651263,0.0572230619737,21,19,36.0980349816,14.5098250918,0.143597495141,0.00323904124379,-9999
2490000,0.214592274678,0.214592274678,-9999,-9999,-9999,-9999,-9999,10.9442060086,39.6995708155,22.3175965665,-9999,-9999,3.86266094421,22.7467811159,-9999,-9999,-9999
7275000,6.05795255533,0.923419837605,-9999,-9999,-9999,0.00796051584143,0.0318420633657,33.7287056201,17.8912593536,10.0183091864,-9999,-9999,12.5656742557,16.3270179908,0.441808629199,2.00604999204,-9999
2335870,0.390930414386,42.3768569195,-9999,-9999,-9999,-9999,-9999,13.2916340891,16.9663799844,19.8592650508,-9999,-9999,6.09851446443,1.0164190774,-9999,-9999,-9999
8183500,1.21023552693,11.9330595623,-9999,-9999,-9999,0.257375230208,0.486153212615,7.98663936583,30.2295787053,0.0102950092083,10,15,9.0676153327,13.5516637879,0.0777845140184,0.0549067157777,-9999
2342070,0.467641367448,2.41883465921,-9999,-9999,-9999,0.0322511287895,0.00537518813158,31.2190926682,28.6981294345,25.1343797033,-9999,-9999,5.18168135885,1.0374113094,0.161255643948,5.64394753816,-9999
8031200,0.882475083056,1.47425249169,-9999,-9999,-9999,-9999,0.249169435216,23.5361295681,0.207641196013,2.74086378738,-9999,-9999,8.16029900332,59.1881229236,0.768272425249,2.79277408638,-9999
2435020,1.46303328122,2.23363859727,-9999,-9999,-9999,-9999,-9999,24.9609113245,9.92852356489,6.62273844092,-9999,-9999,25.3071253071,29.1713200804,-9999,0.312709403618,-9999
2296750,4.36254669988,9.25630448319,-9999,-9999,-9999,2.03728206725,0.710227272727,0.122587173101,6.05152552927,0.198474470735,26,1,20.5323785803,8.64142278954,6.72867372354,14.3212951432,-9999
8178800,0.300143546914,32.8330940885,-9999,-9999,-9999,0.913480360172,0.0913480360172,8.95210752969,38.118230458,-9999,10,4,1.20057418765,3.00143546914,0.013049719431,-9999,-9999
2336300,0.168302945302,73.8288920056,-9999,-9999,-9999,-9999,-9999,6.76016830295,9.73352033661,8.92005610098,-9999,-9999,0.589060308555,-9999,-9999,-9999,-9999
8178880,0.183823529412,0.522058823529,-9999,-9999,-9999,-9999,0.676470588235,4.07352941176,55.8014705882,-9999,14,21,1.61029411765,1.875,0.00735294117647,-9999,-9999
2418760,1.76899063476,3.90218522373,-9999,-9999,-9999,0.364203954214,-9999,41.4672216441,9.67741935484,22.9448491155,-9999,-9999,11.3943808533,7.85639958377,0.0520291363163,0.57232049948,-9999
8179000,0.233763593861,0.772436223193,-9999,-9999,-9999,0.00508181725785,0.747027136904,3.86726293322,55.3511535725,-9999,15,20,2.09879052749,1.85486329912,0.00508181725785,-9999,-9999
8084800,0.547738693467,0.708542713568,-9999,-9999,-9999,-9999,0.366834170854,0.120603015075,0.0603015075377,0.0502512562814,8,4,64.7035175879,21.7688442211,0.145728643216,0.00502512562814,-9999
8020000,3.67915806209,1.90265524958,-9999,-9999,-9999,0.0181452135519,0.188364597824,23.1040411983,1.73502803868,5.2361901964,0,0,9.27738847174,48.7216265024,1.50259649365,4.6002436643,-9999
8057410,3.0866978571,10.9782629623,-9999,-9999,-9999,0.0897206338204,0.0335008375209,9.96322609215,3.21222973103,1.07510733745,28,4,9.90585109455,28.4141011571,0.227574654884,0.376980688885,-9999
2298830,1.21765601218,2.88106110024,-9999,-9999,-9999,0.282670145684,-9999,-9999,7.65383779082,0.282670145684,38,1,11.7199391172,7.89302022179,8.28440965427,21.3415959991,-9999
8106300,0.646335040935,4.79245463686,-9999,-9999,-9999,0.368650356681,0.292047685163,12.7399818069,7.02829511179,-9999,17,14,31.004931297,11.8782017523,0.0239383348494,-9999,-9999
7288955,3.45130569348,1.00686244448,-9999,-9999,-9999,0.017931655289,0.00645539590405,15.6351481962,6.9949594117,6.11057017284,-9999,-9999,42.5767430017,14.0444310555,0.135742630538,10.0198503424,-9999
8066300,0.161056530842,1.44950877758,-9999,-9999,-9999,-9999,0.11273957159,9.71170880979,25.0603961991,51.9085198905,0,0,0.0805282654212,9.76002576904,0.144950877758,1.57835400225,-9999
2401470,0.327153762268,0.436205016358,-9999,-9999,-9999,-9999,-9999,53.8713195202,11.9956379498,19.6292257361,-9999,-9999,4.03489640131,9.16030534351,-9999,0.545256270447,-9999
2470000,1.27314667636,1.59105185924,-9999,-9999,-9999,0.163657588142,0.00216175524353,24.5310898553,18.6347116854,21.7599739572,0,0,12.9248802769,11.2183652553,0.301501275436,7.59767954649,-9999
2469000,0.0265041081368,-9999,-9999,-9999,-9999,-9999,0.0265041081368,19.957593427,30.029154519,36.1516034985,-9999,-9999,7.58017492711,2.96846011132,-9999,3.26000530082,-9999
7281600,3.41969147005,0.950998185118,-9999,-9999,-9999,0.0249546279492,0.00771324863884,22.0784936479,8.2168784029,6.59392014519,-9999,-9999,34.691923775,18.7096188748,0.240925589837,5.06488203267,-9999
2308870,-9999,94.4444444444,-9999,-9999,-9999,-9999,-9999,-9999,1.85185185185,-9999,2,-9999,-9999,-9999,0.925925925926,0.925925925926,-9999
2336490,3.92849561816,13.1424932529,-9999,-9999,-9999,0.045486247991,0.0045486247991,33.9630651666,12.0508233011,24.083452103,-9999,-9999,3.62980258968,9.03508505928,0.0121296661309,0.104618370379,-9999
8090800,0.828765099008,0.839347513133,-9999,-9999,-9999,0.0208788170577,0.441696618394,1.52682308301,2.17807056849,0.0633991476866,32,14,41.2931519387,7.25314850654,0.0782717297004,0.00390881963181,-9999
8020900,3.42091193768,2.97410830215,-9999,-9999,-9999,0.0259680745436,0.188650423891,23.7027419232,2.11487054151,6.10020621706,0,0,8.48926907508,46.2728175361,1.59245398304,5.05842816772,-9999
2334480,0.25641025641,7.17948717949,-9999,-9999,-9999,-9999,-9999,45.8974358974,12.5641025641,30.5128205128,-9999,-9999,2.05128205128,1.53846153846,-9999,-9999,-9999
7376500,0.519718740446,4.09660654234,-9999,-9999,-9999,0.214001834301,-9999,6.69520024457,32.2837052889,25.8330785692,-9999,-9999,4.4328951391,24.1516355854,0.152858453072,1.62029960257,-9999
2447025,1.17418270792,1.19928638611,-9999,-9999,-9999,0.0776540445373,0.00368187280134,26.4013709955,13.363859406,17.8858686375,0,0,17.349988787,13.5907966569,0.427431960664,8.52353553509,-9999
2390000,0.135648399349,0.0271296798698,-9999,-9999,-9999,-9999,-9999,46.4460119371,19.6418882257,28.1877373847,-9999,-9999,1.27509495388,4.28648941942,-9999,-9999,-9999
2351500,0.549261929283,0.686577411603,-9999,-9999,-9999,-9999,-9999,25.9354617233,19.8420871953,19.0010298661,-9999,-9999,21.8159972537,7.07174733951,0.223137658771,4.87469962238,-9999
2312690,3.89078498294,12.0136518771,-9999,-9999,-9999,0.409556313993,0.61433447099,0.273037542662,10.5119453925,0.136518771331,15,1,35.7679180887,4.43686006826,4.43686006826,11.7406143345,-9999
2388320,6.53120464441,-9999,-9999,-9999,-9999,4.64441219158,-9999,27.7213352685,20.7547169811,31.3497822932,-9999,-9999,3.48330914369,5.5152394775,-9999,-9999,-9999
7335000,1.26535294912,0.873937103523,-9999,-9999,-9999,0.0708597651505,0.0134970981239,33.1859900121,1.70738291267,0.239573491699,24,3,2.38223781887,31.9847482791,0.0134970981239,1.43069240113,-9999
2308889,4.75319926874,85.5575868373,-9999,-9999,-9999,-9999,-9999,-9999,2.01096892139,-9999,2,0,1.8281535649,0.54844606947,1.27970749543,2.19378427788,-9999
7042500,0.249472270198,1.73351244163,-9999,-9999,-9999,-9999,0.0127934497537,5.09818972686,0.159918121922,0.965905456406,0,-9999,81.244802661,9.35840849485,0.115141047784,0.869954583253,-9999
8099500,1.573177142,1.14515281219,-9999,-9999,-9999,0.0244048959976,0.437410828265,8.28640084103,2.28279642562,0.030036795074,34,35,13.9858827063,3.19891867538,0.00563189907637,0.0994968836825,-9999
2423130,0.846432889964,4.47400241838,-9999,-9999,-9999,-9999,-9999,47.5211608222,8.7061668682,25.7557436518,-9999,-9999,2.78113663845,9.915356711,-9999,-9999,-9999
8072730,0.105042016807,3.46638655462,-9999,-9999,-9999,-9999,2.41596638655,8.40336134454,1.15546218487,0.525210084034,4,7,28.5714285714,39.8109243697,5.35714285714,-9999,-9999
2344700,1.4450867052,9.7302504817,-9999,-9999,-9999,0.361271676301,0.02408477842,21.1705202312,21.2668593449,19.725433526,-9999,-9999,10.1156069364,9.36897880539,-9999,6.79190751445,-9999
2428400,1.63485810793,1.97813451674,-9999,-9999,-9999,0.0887106192226,0.00213354653826,28.7313483116,19.3641806732,25.3220532354,0,-9999,9.20243538723,9.71021946333,0.186966051906,3.77873550311,-9999
2301990,1.02120974077,22.8855721393,-9999,-9999,-9999,0.418957842367,0.0785545954438,0.235663786332,10.2906520031,1.54490704373,13,1,17.3605655931,4.4776119403,8.22204765645,19.6910185913,-9999
2350900,0.43980208906,0.256551218618,-9999,-9999,-9999,-9999,-9999,22.0267546271,23.1170973062,17.7844969764,-9999,-9999,19.804837823,6.42294300898,0.297782664468,9.84973428624,-9999
8097000,1.26156433978,0.392486683488,-9999,-9999,-9999,-9999,0.420521446594,11.4381833474,1.85029436501,-9999,25,15,28.9879450519,15.2789458929,0.0280347631063,-9999,-9999
8059400,1.27388535032,0.550086855819,-9999,-9999,-9999,-9999,0.1447596989,10.6832657788,4.02431962942,1.8818760857,12,1,24.5801968732,43.9200926462,0.31847133758,-9999,-9999
2436500,1.61415791521,3.87786853364,-9999,-9999,-9999,0.0311162971606,-9999,21.2796577207,10.2372617658,7.05950991832,-9999,-9999,24.8774795799,30.3928432517,0.0350058343057,0.595099183197,-9999
2375000,0.145496871817,0.443765459043,-9999,-9999,-9999,0.414666084679,-9999,6.63465735487,45.1258547941,14.1277462535,-9999,-9999,15.5827149716,13.6185072021,0.261894369271,3.64469663902,-9999
2425200,0.194552529183,-9999,-9999,-9999,-9999,-9999,-9999,11.0246433204,10.0518806744,12.6459143969,-9999,-9999,14.5914396887,13.6835278859,1.23216601816,36.5758754864,-9999
2388500,0.641741707512,2.12014134276,-9999,-9999,-9999,0.124244842129,-9999,32.1041832896,22.478057677,26.3353470877,-9999,-9999,4.37706599795,11.6664766898,0.00911888749573,0.143622478058,-9999
8076500,-9999,74.957841484,-9999,-9999,-9999,-9999,0.168634064081,1.85497470489,0.0843170320405,3.1197301855,-9999,-9999,-9999,19.6458684654,-9999,0.168634064081,-9999
8050800,0.557275541796,0.30959752322,-9999,-9999,-9999,-9999,-9999,19.5046439628,7.49226006192,2.16718266254,27,2,3.21981424149,37.0897832817,-9999,-9999,-9999
8095300,0.511207235549,0.340804823699,-9999,-9999,-9999,-9999,0.275265434526,7.66810853323,8.27107091362,-9999,34,15,17.984008389,16.0178267139,0.0655393891729,-9999,-9999
2343500,2.59219451394,5.70824715265,-9999,-9999,-9999,0.0623210527742,0.00150533943899,29.5651676497,21.7190374257,23.2400323949,0,-9999,8.18091771514,5.92290855665,0.117717544129,2.88904745131,-9999
2449000,1.10669202836,1.0960936672,-9999,-9999,-9999,0.0674948263263,0.0030679466512,24.8049064834,14.6812403429,17.0499740619,0,0,18.7518477406,13.1659536015,0.407200191886,8.86357677955,-9999
2334620,-9999,0.346020761246,-9999,-9999,-9999,1.73010380623,-9999,37.3702422145,12.8027681661,26.2975778547,-9999,-9999,3.46020761246,17.3010380623,0.692041522491,-9999,-9999
8086212,0.635334043645,0.556410559962,-9999,-9999,-9999,-9999,0.228878102679,3.41738684346,2.37954303303,0.0749773094984,52,34,3.80805808768,2.94384594136,0.0394617418413,-9999,-9999
8153000,0.114778754057,1.17549275706,-9999,-9999,-9999,0.0158315522837,0.42745191166,3.40774162907,35.213330167,-9999,16,32,8.77859574131,2.18475421515,0.00791577614185,-9999,-9999
7346080,0.411522633745,0.82304526749,-9999,-9999,-9999,-9999,-9999,37.8600823045,20.5761316872,34.5679012346,-9999,-9999,-9999,2.05761316872,-9999,3.7037037037,-9999
7386500,0.120918984281,0.483675937122,-9999,-9999,-9999,-9999,-9999,5.44135429262,0.725513905683,0.604594921403,-9999,-9999,60.9431680774,31.4389359129,0.120918984281,0.120918984281,-9999
8104700,0.242859918399,0.330289489023,-9999,-9999,-9999,0.0582863804158,0.446862249854,6.80979211191,31.639790169,-9999,37,22,1.60287546143,0.45657664659,-9999,-9999,-9999
2420500,0.270438943208,1.22737674225,-9999,-9999,-9999,-9999,-9999,22.6544622426,20.8029956314,25.3796546703,-9999,-9999,16.7256084876,4.80549199085,0.208029956314,7.92594133555,-9999
7037300,0.27975584944,0.432349949135,-9999,-9999,-9999,0.0762970498474,-9999,79.488809766,0.495930824008,10.2365208545,2,-9999,1.3479145473,5.86215666328,0.0635808748728,0.216174974568,-9999
7024200,0.549954170486,0.0916590284143,-9999,-9999,-9999,-9999,-9999,25.2978918423,4.03299725023,8.89092575619,-9999,-9999,25.2062328139,30.6141154904,-9999,5.31622364803,-9999
8116400,-9999,27.1099744246,-9999,-9999,-9999,-9999,1.27877237852,10.9974424552,1.27877237852,-9999,6,5,13.0434782609,31.4578005115,3.06905370844,0.255754475703,-9999
7309435,-9999,-9999,-9999,-9999,-9999,-9999,-9999,10.0775193798,-9999,-9999,78,12,-9999,0.77519379845,-9999,-9999,-9999
2310000,3.1862745098,7.91316526611,-9999,-9999,-9999,0.0700280112045,-9999,-9999,26.0504201681,0.735294117647,27,1,7.8081232493,2.94117647059,2.20588235294,20.9033613445,-9999
2382500,1.19763247942,0.453158235457,-9999,-9999,-9999,0.0878572089152,-9999,48.8856006659,17.2061407565,26.8889299917,-9999,-9999,0.809211134745,4.44834920929,0.00924812725423,0.0138721908813,-9999
8011500,1.30963517306,0.280636108513,-9999,-9999,-9999,-9999,-9999,8.27876520112,34.8924228251,11.9738072965,0,-9999,7.48362956034,7.10944808232,1.68381665108,26.8475210477,-9999
8116650,1.38076483266,1.21960032477,-9999,-9999,-9999,0.0635518468294,0.505439102877,7.17019992263,4.47084054225,0.413565237352,27,15,28.3000199795,14.6604439702,0.27753452842,0.173386016893,-9999
7344450,0.479328939485,0.689035350509,-9999,-9999,-9999,-9999,0.149790293589,27.2318753745,18.2744158179,24.2360695027,-9999,-9999,2.15698022768,13.3013780707,1.55781905333,11.9233073697,-9999
8073700,0.226079935406,16.5845781187,-9999,-9999,-9999,0.258377069035,0.993136859104,8.40532902705,1.59063383125,3.35890189746,3,6,21.1949939443,33.6132418248,3.8433589019,1.13847396044,-9999
8140700,0.633359907875,1.09841438569,-9999,-9999,-9999,0.0442909026486,0.336610860129,3.22880680308,3.28195588626,0.0841527150323,31,45,10.9088493223,4.10576667552,0.062007263708,-9999,-9999
2331500,0.279459711225,0.9936345288,-9999,-9999,-9999,0.031051079025,-9999,37.7736376339,12.2185995963,27.6509858718,-9999,-9999,6.76913522745,14.267970812,-9999,0.0155255395125,-9999
8068500,0.507432392096,5.69518237717,-9999,-9999,-9999,0.0179093785446,0.435794877918,7.27120768909,14.31556325,37.5738761865,0,0,1.24768670527,29.3892901916,0.859650170139,2.33418900364,-9999
7312700,1.96265311165,1.26584065798,-9999,-9999,-9999,-9999,0.891665784179,0.448303858237,0.406650428889,0.2527445374,38,31,18.648028522,6.98224434325,0.230858837234,0.00494193229553,-9999
8062800,1.84972573032,1.68388825105,-9999,-9999,-9999,0.0765403750478,0.229621125144,10.5753284858,0.293404771017,1.46702385508,-9999,-9999,5.37058298252,74.8820002551,1.40324020921,2.16864395969,-9999
8097500,1.22795345076,1.00437046569,-9999,-9999,-9999,0.0376091122417,0.460791305283,3.0739871635,3.06474424608,0.0654972251328,32,14,36.6986848763,8.98403604738,0.0781663964176,0.00326689322438,-9999
7280340,1.48247978437,0.224618149146,-9999,-9999,-9999,0.179694519317,0.0449236298293,33.5579514825,11.2309074573,10.6469002695,-9999,-9999,22.1473495058,17.3854447439,0.134770889488,2.96495956873,-9999
2300018,0.20253164557,1.56962025316,-9999,-9999,-9999,0.405063291139,-9999,-9999,7.94936708861,0.303797468354,33,1,28.2025316456,9.92405063291,4.30379746835,13.6202531646,-9999
2376115,0.429553264605,10.4810996564,-9999,-9999,-9999,0.773195876289,-9999,4.81099656357,43.0412371134,14.4329896907,-9999,-9999,7.21649484536,13.2302405498,0.257731958763,5.3264604811,-9999
7030280,0.941547579219,0.750370405774,-9999,-9999,-9999,0.00477942933614,-9999,17.6791091144,1.99780146251,10.734598289,-9999,-9999,42.3696410649,20.9530182096,-9999,4.56913444535,-9999
2410000,0.49504950495,-9999,-9999,-9999,-9999,-9999,-9999,48.5148514851,11.8811881188,34.1584158416,-9999,-9999,2.9702970297,1.9801980198,-9999,-9999,-9999
8185500,0.388349514563,4.54070201643,-9999,-9999,-9999,0.0784167289022,0.399551904406,8.41299477222,24.6564600448,-9999,19,11,12.2106049291,18.6034353996,0.0821508588499,-9999,-9999
2368300,1.21951219512,-9999,-9999,-9999,-9999,0.30487804878,-9999,13.7195121951,32.9268292683,25.6097560976,-9999,-9999,12.1951219512,10.9756097561,-9999,3.0487804878,-9999
2399200,0.557170542636,0.205910852713,-9999,-9999,-9999,-9999,-9999,37.1245155039,16.703003876,32.6429263566,-9999,-9999,5.11143410853,7.61870155039,-9999,0.0363372093023,-9999
8073600,0.224700399467,14.896804261,-9999,-9999,-9999,0.266311584554,1.02363515313,8.63848202397,1.56458055925,2.9793608522,3,6,21.8375499334,34.3708388815,3.96138482024,1.17343541944,-9999
8114000,1.36816719569,1.19661085196,-9999,-9999,-9999,0.0630753348668,0.506905089291,7.13543741513,4.46148228108,0.416522096714,27,15,28.3743697821,14.4469289059,0.251498173064,0.150834650526,-9999
2469500,0.104975855553,0.209951711106,-9999,-9999,-9999,-9999,-9999,19.2945622507,32.5215200504,34.2431240815,-9999,-9999,4.36699559101,2.49842536217,0.0839806844426,6.67646441318,-9999
7369000,2.49101600784,2.07448546227,-9999,-9999,-9999,0.00816726559948,0.00816726559948,2.39300882065,6.38680169879,10.5357726233,-9999,-9999,50.694217576,13.9986932375,-9999,11.4096700425,-9999
8167000,0.321968608061,1.83982061749,-9999,-9999,-9999,0.00574943942966,0.546196745817,2.83159891911,47.6887253493,-9999,14,29,2.1330420284,1.6874604726,0.0316219168631,-9999,-9999
2356000,0.95315175298,2.2239132748,-9999,-9999,-9999,0.0760973659348,0.0161223232913,19.3168004282,18.4265257361,13.0416697568,0,0,25.7579910295,10.5420647537,0.459163767336,9.06945174427,-9999
7040450,0.996913547055,1.41632701345,-9999,-9999,-9999,0.0301117360491,0.0118296105907,42.8436233022,0.705474958865,7.88067149171,2,-9999,29.6299482723,11.7468033166,0.0881843698582,2.94879929453,-9999
8068720,0.913954525189,1.00312082033,-9999,-9999,-9999,0.133749442711,0.267498885421,5.59518502006,1.6495764601,0.0222915737851,1,2,22.2915737851,56.5091395453,7.44538564423,0.624164065983,-9999
8042800,0.720487049245,0.144097409849,-9999,-9999,-9999,-9999,0.0576389639396,12.2915090601,1.31488886487,0.111675492633,60,17,1.96692964444,6.54922727764,0.122482798372,-9999,-9999
7343500,1.13886024302,1.85176882034,-9999,-9999,-9999,0.0403533156974,0.0941577366274,14.2447204412,0.143478455813,2.23736717034,-9999,-9999,5.30421916334,68.4168049141,1.77554589069,4.75272384881,-9999
8145000,0.638925294889,0.638925294889,-9999,-9999,-9999,0.00409567496723,0.483289646134,0.294888597641,3.82126474443,-9999,25,56,13.0529161206,0.786369593709,0.0122870249017,-9999,-9999
7343300,0.494524902861,0.741787354292,-9999,-9999,-9999,-9999,-9999,29.6714941717,0.0353232073472,0.565171317556,-9999,-9999,11.4800423878,54.115153656,0.777110561639,2.11939244083,-9999
2303350,0.61804697157,12.8553770087,-9999,-9999,-9999,-9999,0.494437577256,-9999,15.6983930779,0.370828182942,22,1,6.30407911001,7.41656365884,11.3720642769,22.7441285538,-9999
2454000,0.233897085282,0.93558834113,-9999,-9999,-9999,1.96113709968,-9999,40.9319899244,17.6502338971,27.4739114789,-9999,-9999,4.65994962217,6.08132421734,-9999,0.0719683339331,-9999
2346500,1.00089824201,4.43988194534,-9999,-9999,-9999,0.115488258694,-9999,27.4348774541,13.6276145259,20.4414217888,-9999,-9999,9.41870909791,17.9648402412,0.0769921724625,5.47927627358,-9999
2367310,-9999,2.55536626917,-9999,-9999,-9999,-9999,-9999,24.8722316865,27.6831345826,36.3713798978,-9999,-9999,0.596252129472,1.87393526405,-9999,6.04770017036,-9999
7029100,1.16718512996,2.50147826311,-9999,-9999,-9999,0.0179962464972,0.0102835694269,12.2503020799,0.98465177263,3.83320050389,-9999,-9999,44.530426511,28.5163380209,0.0128544617837,6.17528344088,-9999
2301900,0.276243093923,52.2099447514,-9999,-9999,-9999,-9999,0.276243093923,0.276243093923,6.90607734807,-9999,7,0,10.773480663,8.01104972376,3.86740331492,9.94475138122,-9999
2376500,0.0863025520898,0.63494020466,-9999,-9999,-9999,-9999,-9999,3.92060165208,51.8616693379,16.1447417088,-9999,-9999,11.0590556035,10.9234373074,0.166440636173,5.20281099741,-9999
2302500,0.694801852805,30.3911477097,-9999,-9999,-9999,0.205867215646,0.102933607823,0.488934637159,6.20174987133,0.694801852805,23,1,11.5800308801,7.17961914565,5.84148224395,12.7380339681,-9999
8106310,0.950215796672,2.47233717564,-9999,-9999,-9999,0.314370459833,0.376534110083,11.1770243149,14.3225050175,-9999,24,17,20.4074383248,8.80059677104,0.0266415643927,-9999,-9999
8178565,0.189393939394,81.3552188552,-9999,-9999,-9999,0.799663299663,0.0631313131313,3.367003367,4.65067340067,-9999,3,3,0.904882154882,2.77777777778,-9999,-9999,-9999
8164500,0.625770794318,0.379116612616,-9999,-9999,-9999,0.00228383501576,0.196409811355,22.4523820399,11.2273329375,0.532133558672,18,13,10.6814963687,18.7183117892,3.16311149683,0.538985063719,-9999
8164503,1.09581343074,0.154537791514,-9999,-9999,-9999,0.730542287159,0.758640067435,8.10620960944,6.39224501264,-9999,6,6,42.1185726328,25.203708907,3.38578252318,0.224782242203,-9999
7364133,1.20365912374,4.92296581608,-9999,-9999,-9999,0.00601829561868,-9999,14.4559460761,13.2763601348,8.9552238806,0,0,40.3346172364,6.80669234473,0.475445353876,9.54501685123,-9999
7367700,1.82230069627,1.39920711597,-9999,-9999,-9999,-9999,-9999,1.33257820568,0.306492987307,2.42862377986,-9999,-9999,83.1262284705,7.84222274045,-9999,1.74234600393,-9999
7362100,0.319869543402,0.244606121425,-9999,-9999,-9999,-9999,0.00627195183141,16.6394882087,49.8620170597,21.4814350226,-9999,-9999,2.2955343703,2.35198193678,0.0501756146513,6.7486201706,-9999
7360000,4.23850049601,1.10269931603,-9999,-9999,-9999,0.0480342505091,0.0229729024174,45.9802641884,16.2825666997,20.2391270297,-9999,-9999,0.426042917559,11.2128648254,0.189004333525,0.257923040777,-9999
2384500,0.0957120980092,0.200995405819,-9999,-9999,-9999,0.0669984686064,-9999,31.4031393568,28.5030627871,23.3537519142,-9999,-9999,5.26416539051,10.9686064319,0.00957120980092,0.133996937213,-9999
7363000,0.961832728545,0.375989157522,-9999,-9999,-9999,0.00874393389586,0.0174878677917,47.859922179,27.8231976566,17.3348489485,-9999,-9999,0.179250644865,5.42123901543,0.0174878677917,-9999,-9999
8029500,0.0562429696288,0.749906261717,-9999,-9999,-9999,-9999,0.0749906261717,7.89276340457,33.7832770904,43.0821147357,-9999,-9999,0.149981252343,5.15560554931,0.524934383202,8.53018372703,-9999
8176500,0.736188910255,1.67813913738,-9999,-9999,-9999,0.0980036972011,0.346496483943,15.1483060688,22.8971007627,0.00975392247025,23,16,6.0005202092,14.0047747773,0.129123354606,0.0371577998867,-9999
2429949,0.11641443539,0.11641443539,-9999,-9999,-9999,-9999,-9999,31.5483119907,24.4470314319,28.4051222352,-9999,-9999,3.60884749709,5.00582072177,0.34924330617,6.40279394645,-9999
2313700,0.360500459461,3.06778822365,-9999,-9999,-9999,0.197921820881,0.0353431823001,-9999,47.034707005,0.0282745458401,12,2,10.0445324097,0.600834099102,3.16674913409,21.9975966636,-9999
7030050,1.00539275114,0.87370929309,-9999,-9999,-9999,0.00209021361983,-9999,33.428786422,8.43401195602,8.19468249655,-9999,-9999,22.1343171272,17.1721499937,0.0961498265123,8.65870992015,-9999
2370500,0.0908815510451,0.898717560335,-9999,-9999,-9999,-9999,-9999,3.84731899424,52.6709078057,13.7029183076,-9999,-9999,16.6616176916,7.17964253257,0.161567201858,4.78642835504,-9999
8068000,4.34858539993,2.31691698684,-9999,-9999,-9999,0.00291069973222,0.192106182326,6.52578879963,17.097450227,26.8657585284,0,0,1.07404820119,35.1932704622,1.97927581791,4.24380020957,-9999
7351900,1.23541523679,0.754975978037,-9999,-9999,-9999,-9999,-9999,22.4433768016,32.0521619767,23.6787920384,-9999,-9999,4.66712422787,10.9128345916,-9999,4.25531914894,-9999
2330400,0.0327064595258,0.0163532297629,-9999,-9999,-9999,-9999,-9999,0.899427636958,30.7277187244,5.42927228128,-9999,-9999,0.163532297629,0.22894521668,0.0654129190515,62.4366312347,-9999
8186500,0.241911097672,0.393105533716,-9999,-9999,-9999,0.0201592581393,0.151194436045,22.4977320835,7.05574034876,-9999,20,24,8.89023283943,16.3289990928,0.342707388368,-9999,-9999
7043500,0.154833001548,0.398142003981,-9999,-9999,-9999,-9999,-9999,7.58681707587,0.154833001548,0.442380004424,0,-9999,84.096438841,5.61822605618,0.110595001106,1.06171201062,-9999
2334430,5.59761466608,1.92643667451,-9999,-9999,-9999,0.0302825595751,0.00698828297887,40.0451908966,11.6517971534,26.3295208367,-9999,-9999,3.37999953411,11.0018868364,0.00232942765962,0.0279531319155,-9999
8153500,0.23555864875,0.915466566733,-9999,-9999,-9999,0.0107072113068,0.382782804219,4.06874029659,33.4868033621,-9999,19,32,7.54055356282,2.3154344451,0.0133840141335,-9999,-9999
7288280,1.37488912185,1.34263365858,-9999,-9999,-9999,0.00403193290864,0.00403193290864,1.12894121442,0.153213450528,0.628981533747,-9999,-9999,82.5296347069,4.83831949036,0.00806386581727,7.98725909201,-9999
8031000,0.0270709258257,2.65295073091,-9999,-9999,-9999,-9999,0.135354629128,9.79967514889,23.0373578776,40.0920411478,0,-9999,0.0270709258257,10.6930157011,2.0032485111,11.5051434759,-9999
2437100,1.80264984821,1.74146329984,-9999,-9999,-9999,0.016473301485,0.0117666439178,26.9150212976,13.8928764738,15.7602428635,0,0,15.8826159603,18.4453910056,0.347115995576,5.17849998823,-9999
2321000,0.0805801772764,1.88020413645,-9999,-9999,-9999,1.31614289551,0.120870265915,0.0402900886382,53.2500671501,0.416330915928,8,1,8.83695944131,1.77276390008,1.49073327961,21.5820574805,-9999
2420000,1.81841996812,2.14587612893,-9999,-9999,-9999,0.084020458822,0.00127787770071,32.3448416869,19.0017219402,25.4960561499,-9999,-9999,7.66790514314,9.57913097927,0.122835993981,1.73791367297,-9999
8062500,3.78918994339,11.052892508,-9999,-9999,-9999,0.0694665031928,0.0368113093842,9.94113159153,3.4626380053,1.16400922658,23,3,12.0821248438,31.1465238546,0.300130917641,0.546826063595,-9999
2330150,1.72318275201,2.23332794718,-9999,-9999,-9999,0.0600170817848,0.0761755268807,3.5640913183,31.3670044551,8.62976385587,2,0,26.0728053369,3.84340158353,1.61238198564,19.1246739457,-9999
8111000,2.19017545045,1.12126175721,-9999,-9999,-9999,0.317465678245,0.493084989615,21.7092487208,3.46172681065,6.2260423175,3,1,7.94001925058,49.4824296256,1.50458467722,1.38300207704,-9999
2298123,0.658122618635,6.81214640342,-9999,-9999,-9999,-9999,0.0346380325598,-9999,8.22075972751,0.865950813994,30,0,17.7231266597,12.1117653851,15.4139244891,7.83974136936,-9999
2312640,0.942211055276,1.88442211055,-9999,-9999,-9999,1.25628140704,0.502512562814,-9999,27.7638190955,0.0628140703518,37,0,16.5201005025,5.4648241206,6.59547738693,2.32412060302,-9999
2335000,5.02945174445,2.50648762203,-9999,-9999,-9999,0.0370721258805,0.00617868764674,39.9246200107,11.811591218,26.4035918771,-9999,-9999,3.52803064629,10.7097252544,0.0102978127446,0.0329530007826,-9999
2392500,0.683829444891,0.804505229284,-9999,-9999,-9999,-9999,-9999,37.1279163315,15.768302494,26.9911504425,-9999,-9999,4.14320193081,14.4810941271,-9999,-9999,-9999
2341460,2.78854518967,8.22973452967,-9999,-9999,-9999,0.0720687329802,0.00205910665658,30.2966657915,20.0881297649,22.7454069052,-9999,-9999,5.85095156466,7.92189808452,0.0689800729953,1.93556025718,-9999
2312645,0.770877944325,3.55460385439,-9999,-9999,-9999,0.985010706638,0.385438972163,-9999,26.6809421842,0.0428265524625,35,0,18.7152034261,5.31049250535,5.05353319058,3.0835117773,-9999
8177500,0.622616921666,0.603310970607,-9999,-9999,-9999,0.0289589265891,0.106182730827,19.7741203726,4.68651961967,0.0675708287079,35,18,6.22616921666,14.6773492929,0.762585066847,0.0965297552971,-9999
8198500,0.140294618699,0.310652369977,-9999,-9999,-9999,0.0200420883856,0.731536226075,2.0943982363,61.4891271671,-9999,8,16,8.45776129873,3.38711293717,0.0200420883856,-9999,-9999
8025500,0.521937693688,0.815527646387,-9999,-9999,-9999,-9999,-9999,17.5501549503,45.2291632686,24.6941771326,-9999,-9999,1.353775893,6.1164573479,-9999,3.71880606753,-9999
7314500,2.91899152718,0.232486050837,-9999,-9999,-9999,-9999,0.237652407522,1.88055383344,0.728456292622,0.108493490391,46,29,9.5009299442,9.24777846663,0.299648687745,-9999,-9999
2488700,0.532575892065,1.26042961122,-9999,-9999,-9999,-9999,0.0532575892065,16.1192969998,29.327179123,16.6696254216,-9999,-9999,11.1130836144,24.4097283863,0.106515178413,0.408308183916,-9999
7035800,0.520336070269,2.38208898224,-9999,-9999,-9999,0.00954745083063,0.0143211762459,57.5186175291,0.587168226084,9.19896887531,4,-9999,3.72350582395,20.9900706511,0.0620584303991,0.5298835211,-9999
7290000,1.00724726692,0.805446856301,-9999,-9999,-9999,0.000877393089652,0.000877393089652,23.1579132083,16.5511432432,12.1615456157,-9999,-9999,17.5408426483,20.4450137751,0.00789653780687,8.32119606226,-9999
7352000,1.02880658436,1.21742112483,-9999,-9999,-9999,-9999,-9999,21.3991769547,41.5809327846,20.0445816187,-9999,-9999,2.33196159122,3.29218106996,-9999,9.1049382716,-9999
2304500,1.3512985745,19.4180824058,-9999,-9999,-9999,0.214801796524,0.0859207186096,0.124975590705,11.0056629565,0.851396211677,18,1,15.0478422183,5.06541691076,7.58836164812,20.4452255419,-9999
2405500,0.571854798608,0.683739433118,-9999,-9999,-9999,-9999,-9999,45.6613625062,14.1844853307,26.0318249627,-9999,-9999,3.29438090502,7.58329189458,0.0248632521134,1.96419691696,-9999
7287355,0.956066469383,0.0227634873663,-9999,-9999,-9999,-9999,-9999,30.4120191213,19.6676530845,21.8074208969,-9999,-9999,9.35579330753,14.9556111996,-9999,2.82267243342,-9999
2466000,1.51677863523,3.20796183911,-9999,-9999,-9999,0.417904980728,0.00124872006194,32.6477860193,17.4879082274,26.7609034073,-9999,-9999,6.33225943408,9.31586790207,0.12279080609,2.18859002855,-9999
8135000,0.348527191545,0.782178535865,-9999,-9999,-9999,0.00160611609007,0.533230541904,0.184703350358,0.297131476663,-9999,15,76,6.14018181234,0.359770004176,0.00963669654043,0.00803058045035,-9999
8065200,0.510122748286,1.51442690897,-9999,-9999,-9999,-9999,0.207237366491,30.910250279,0.286944045911,4.97369679579,0,0,1.65789893193,57.3728678463,0.733301450662,1.75354694723,-9999
2349000,0.319953461315,0.552646887725,-9999,-9999,-9999,0.43630017452,-9999,48.4293193717,17.8301337987,12.8853984875,-9999,-9999,12.4200116347,1.54159394997,0.43630017452,5.14834205934,-9999
2448000,0.96243984751,0.74682832323,-9999,-9999,-9999,0.0124992187988,-9999,21.8298856321,24.9390663084,13.8366352103,-9999,-9999,19.2769201925,9.02131116805,0.218736328979,9.15567777014,-9999
8092000,1.64914979065,4.2638639665,-9999,-9999,-9999,0.111082628386,0.410151243271,7.74160471674,1.58933606767,0.145261898658,29,6,14.543279501,34.170725455,0.0512689054089,-9999,-9999
8126380,0.268942233908,1.01033072705,-9999,-9999,-9999,0.0227419783174,1.10687409307,0.525559782792,0.2015966336,-9999,37,32,25.3168104302,1.6851072321,0.0374142223931,0.000293444881514,-9999
7344400,1.88773019898,0.863186525894,-9999,-9999,-9999,0.0187437211715,0.331746902091,11.8549795749,2.41658301963,3.52212331587,27,9,27.0852283787,14.5628959982,0.369149531216,1.21219291784,-9999
23177483,1.05135658915,2.05910852713,-9999,-9999,-9999,0.0581395348837,0.0726744186047,5.71705426357,22.9360465116,3.33333333333,0,0,37.8343023256,10.9253875969,1.32751937984,14.5978682171,-9999
2307359,7.05024311183,14.7487844408,-9999,-9999,-9999,0.0810372771475,0.162074554295,-9999,6.3209076175,-9999,17,0,16.3695299838,2.35008103728,4.45705024311,30.6320907618,-9999
8173500,0.467943923441,1.73177607733,-9999,-9999,-9999,0.0671231037723,0.379724987055,16.126805132,20.7352856568,0.00575340889477,25,11,10.5920257753,13.7890033178,0.0345204533686,-9999,-9999
2367006,0.173060282665,2.01903663109,-9999,-9999,-9999,-9999,-9999,13.8736659937,41.5056244592,22.5843668878,0,-9999,1.58638592443,2.62474762042,0.144216902221,15.4600519181,-9999
2483000,0.808368996671,0.957815365804,-9999,-9999,-9999,-9999,-9999,19.9103321785,22.9875687793,13.0086271313,-9999,-9999,6.88811901365,20.9768358128,0.183411453026,14.2789212689,-9999
2367000,0.220507166483,2.57258360897,-9999,-9999,-9999,-9999,-9999,16.0970231533,38.0374862183,24.6233002573,0,-9999,1.80080852628,3.01359794193,0.183755972069,13.414185961,-9999
7343000,0.538741879258,1.09332910791,-9999,-9999,-9999,0.0237680240849,0.0475360481699,15.3858342576,0.0950720963397,0.245602915544,0,-9999,33.2673110442,46.9973062906,1.8855965774,0.411979084139,-9999
2492343,0.72276716572,1.10996386164,-9999,-9999,-9999,-9999,-9999,2.86525554982,36.4223025297,21.2441920496,-9999,-9999,6.24677336087,19.5405265875,-9999,11.8482188952,-9999
2489500,1.68338280132,2.00152265781,-9999,-9999,-9999,0.0202285457882,0.0136082944394,18.6253415866,26.9738463293,13.6870018721,0,-9999,9.35110503029,16.7775558768,0.0536975942742,10.8116060362,-9999
2412000,0.301772915881,0.77059869591,-9999,-9999,-9999,0.0161664062079,-9999,38.6646548472,21.0324944765,21.6360403082,-9999,-9999,8.0562590936,8.33647680121,0.0107776041386,1.17475885111,-9999
7029400,1.17904811323,1.40390325463,-9999,-9999,-9999,0.00576551644614,-9999,38.1533050823,13.4740119346,9.86768139756,-9999,-9999,15.4285220099,17.394563118,0.181613768053,2.9115858053,-9999
7338000,0.763502096502,0.112647850304,-9999,-9999,-9999,0.00834428520767,0.00208607130192,41.8841395999,14.1393912844,33.241546196,1,-9999,0.16271356155,8.50908484052,0.0584099964537,0.504829255064,-9999
8211000,0.448745880282,0.401955824338,-9999,-9999,-9999,0.0489833398157,0.683865911397,4.14135860776,12.3341511845,0.435586177048,10,55,6.48203115633,9.69416849684,0.0633127944484,0.109371755768,-9999
7043000,0.247490719098,0.261240203492,-9999,-9999,-9999,-9999,0.0137494843943,10.9445895779,0.206242265915,1.58119070535,0,-9999,52.1242953389,30.4413584491,0.247490719098,3.6298638801,-9999
2429000,0.0199044585987,0.736464968153,-9999,-9999,-9999,-9999,-9999,14.5103503185,37.2810509554,36.2261146497,-9999,-9999,6.70780254777,3.1050955414,-9999,1.41321656051,-9999
7368000,1.81871578108,0.975435799543,-9999,-9999,-9999,-9999,-9999,1.17891380504,0.614629439282,3.65001783055,-9999,-9999,79.6689811416,9.55927083552,-9999,2.53403536741,-9999
8156675,-9999,81.974248927,-9999,-9999,-9999,-9999,-9999,2.14592274678,10.3004291845,-9999,3,2,-9999,0.858369098712,-9999,-9999,-9999
7265000,7.0133963751,0.262674021539,-9999,-9999,-9999,-9999,-9999,2.78434462832,0.157604412924,0.945626477541,-9999,-9999,76.0178618335,3.54609929078,0.420278434463,8.85211452587,-9999
8070000,0.371885459279,1.04871699517,-9999,-9999,-9999,-9999,0.0892525102269,11.7664559316,24.1056154704,39.8512458163,-9999,0,1.13053179621,19.7619933061,0.691706954258,1.17515805132,-9999
8042700,1.00401606426,-9999,-9999,-9999,-9999,-9999,-9999,21.4859437751,1.30522088353,0.100401606426,55,18,1.10441767068,2.91164658635,-9999,-9999,-9999
8067500,0.958126330731,2.51951738822,-9999,-9999,-9999,-9999,0.0709723207949,5.14549325763,0.851667849539,8.3392476934,-9999,-9999,47.5159687722,33.8892831796,0.709723207949,-9999,-9999
2479500,0.266235618522,0.17115146905,-9999,-9999,-9999,-9999,-9999,6.78425406485,46.1538461538,29.5093657887,-9999,-9999,5.32471237045,4.99667205477,0.261481411049,6.53228106875,-9999
2335500,4.85892801006,4.17911034266,-9999,-9999,-9999,0.0353662370324,0.00589437283873,39.0325369381,11.8810908519,26.0727758566,-9999,-9999,3.52090537567,10.3721314052,0.00982395473122,0.0314366551399,-9999
2469761,1.29474545752,1.63509576035,-9999,-9999,-9999,0.168538222295,0.00222622360452,25.0477655917,17.8073007039,21.4432476674,0,0,13.2527091177,11.4849566214,0.307218857423,7.55436241611,-9999
8183850,1.81975736568,0.953206239168,-9999,-9999,-9999,-9999,0.259965337955,3.98613518198,37.4350086655,-9999,48,5,0.866551126516,1.29982668977,0.173310225303,-9999,-9999
8071280,0.298062593145,2.64817150063,-9999,-9999,-9999,0.0114639458902,0.0573197294509,11.2575948642,21.0478046544,47.7358706867,0,-9999,0.928579617104,15.2241201422,0.412702052046,0.343918376705,-9999
8066191,3.55641894155,6.30550078491,-9999,-9999,-9999,0.0948009471357,0.109654551756,14.7387076199,4.11226412621,5.0197902438,12,2,9.69620009844,40.0076015506,0.772678687407,1.62370285801,-9999
8127000,0.270298367814,0.509408462418,-9999,-9999,-9999,0.041584364279,1.73094916311,0.951242332883,2.95248986381,0.0675745919534,24,25,42.3952593825,1.12797588107,0.0363863187442,-9999,-9999
2403500,-9999,-9999,-9999,-9999,-9999,-9999,-9999,78.8461538462,1.92307692308,15.3846153846,-9999,-9999,-9999,3.84615384615,-9999,-9999,-9999
2444160,1.25115342673,1.37152923412,-9999,-9999,-9999,0.0562033386461,0.00419427900344,26.5862763191,12.832396611,15.9109973995,0,0,18.8830635014,15.0415233621,0.397617649526,7.66210888348,-9999
7369500,1.07047976246,1.2736365057,-9999,-9999,-9999,-9999,-9999,1.50023441163,1.31270511017,1.89873417722,-9999,-9999,74.1756524457,12.298796687,-9999,6.46976090014,-9999
2343940,0.408921933086,0.148698884758,-9999,-9999,-9999,-9999,-9999,16.3568773234,16.0223048327,14.2750929368,-9999,-9999,30.3345724907,8.99628252788,0.855018587361,12.6022304833,-9999
8180700,1.35150260227,1.25636577313,-9999,-9999,-9999,0.0503665566064,0.668755946052,6.11953662768,52.1825507863,0.0195869942358,12,16,5.87330012871,4.93312440539,0.0307795623706,-9999,-9999
2333000,1.84975936388,1.58610587989,-9999,-9999,-9999,0.0167399037456,0.0125549278092,40.0209248797,12.4879681942,26.4908976773,-9999,-9999,4.24775057543,13.2580037665,-9999,0.0292948315547,-9999
2297100,0.124888492417,8.02854594112,-9999,-9999,-9999,0.0178412132025,-9999,-9999,4.63871543265,0.410347903657,39,0,24.4781445138,11.5967885816,5.15611061552,6.36931311329,-9999
2423400,0.299401197605,14.2714570858,-9999,-9999,-9999,1.29740518962,-9999,28.2435129741,15.1696606786,22.8542914172,-9999,-9999,4.79041916168,11.377245509,-9999,1.69660678643,-9999
2339500,3.11835577605,9.86616147849,-9999,-9999,-9999,0.0722346399171,0.00204437660143,30.9559504988,18.4164258845,22.4547511312,-9999,-9999,5.45167093714,8.12298969634,0.0633756746443,1.47603990623,-9999
2307243,11.4406779661,14.1949152542,-9999,-9999,-9999,-9999,0.423728813559,-9999,9.11016949153,-9999,16,0,20.7627118644,2.33050847458,2.1186440678,23.5169491525,-9999
2306647,8.08383233533,62.2754491018,-9999,-9999,-9999,-9999,0.59880239521,-9999,5.53892215569,-9999,5,1,4.79041916168,1.19760479042,3.29341317365,8.08383233533,-9999
8164600,0.369003690037,0.861008610086,-9999,-9999,-9999,0.221402214022,0.369003690037,14.5633456335,10.061500615,1.40221402214,19,40,3.61623616236,7.65067650677,2.16482164822,-9999,-9999
8189800,0.0173882802991,1.28673274213,-9999,-9999,-9999,-9999,0.121717962094,2.12137019649,0.869414014954,0.0173882802991,7,7,69.9008868023,11.7544774822,0.156494522692,0.0521648408972,-9999
7375960,0.450005487872,0.296345077379,-9999,-9999,-9999,0.0109757436066,-9999,11.9745362748,37.2516738009,22.1710020854,-9999,-9999,5.86104708594,18.8563275162,-9999,3.12808692789,-9999
7357501,5.66992247383,0.313170688976,-9999,-9999,-9999,0.00876001927204,0.00438000963602,46.7653628838,13.1400289081,24.0090228199,-9999,-9999,0.326310717884,9.61631115588,0.146730322807,-9999,-9999
7035000,0.875331564987,2.49336870027,-9999,-9999,-9999,0.053050397878,0.053050397878,54.0318302387,0.159151193634,7.42705570292,6,-9999,4.05835543767,24.7214854111,0.053050397878,-9999,-9999
8093500,1.17748645891,1.77407959808,-9999,-9999,-9999,0.180547923699,0.604443048905,12.9445011382,1.76622968836,-9999,3,0,33.095219405,45.4038778554,0.0470994583562,-9999,-9999
2389150,0.146815929528,0.146815929528,-9999,-9999,-9999,-9999,-9999,46.9994494403,18.0216553496,28.6107542668,-9999,-9999,1.21123141861,4.86327766563,-9999,-9999,-9999
7312100,1.6244268297,0.15284541286,-9999,-9999,-9999,-9999,1.27608147016,0.0699060415408,0.266590836384,0.25000296212,35,37,19.5405158829,4.56995935971,0.0995272455835,0.00236969632342,-9999
2434500,3.69426751592,1.65605095541,-9999,-9999,-9999,-9999,-9999,8.02547770701,3.94904458599,4.84076433121,-9999,-9999,24.5859872611,53.1210191083,-9999,0.127388535032,-9999
7369680,3.14991633035,1.37808839453,-9999,-9999,-9999,-9999,0.00492174426617,1.50113200118,0.319913377301,1.25012304361,-9999,-9999,76.3264100797,7.61393837976,0.00492174426617,8.45063490501,-9999
2465500,0.261780104712,0.065445026178,-9999,-9999,-9999,-9999,-9999,19.469895288,33.0170157068,38.0235602094,-9999,-9999,2.51963350785,1.04712041885,0.032722513089,5.56282722513,-9999
2307323,10.0141043724,11.8476727786,-9999,-9999,-9999,-9999,0.282087447109,-9999,8.46262341326,-9999,20,0,22.2849083216,2.39774330042,2.67983074753,21.4386459803,-9999
2396000,1.25276735646,3.20151657763,-9999,-9999,-9999,0.0835178237641,0.00265135948458,35.0576007848,18.7570426736,27.4800153779,-9999,-9999,4.71544284332,9.15779565972,0.0861691832487,0.205480360055,-9999
8027500,5.39682539683,1.77777777778,-9999,-9999,-9999,-9999,-9999,19.0264550265,39.1957671958,24.8888888889,-9999,-9999,1.54497354497,4.80423280423,-9999,3.36507936508,-9999
8188570,0.782463509276,7.03751752544,-9999,-9999,-9999,0.154165672831,0.397340205826,10.0777809451,21.3784156423,0.0767919577877,15,18,10.5699475837,16.1082766605,0.554414664937,0.269353609513,-9999
8109000,1.2805067182,1.1511946135,-9999,-9999,-9999,0.0450337631346,0.501587150691,5.16242928816,4.39155364045,0.0510667029862,30,16,31.4311291165,9.58323354607,0.0789157283617,0.00645951135625,-9999
8024200,2.88621646623,2.42368177613,-9999,-9999,-9999,0.0555041628122,-9999,21.1285846438,34.67160037,26.4754856614,0,-9999,2.2571692877,6.16096207216,0.0925069380204,3.79278445883,-9999
7344493,9.28156686021,1.08328278014,-9999,-9999,-9999,2.13190051131,0.407314325331,26.3627697374,2.21856313372,9.09090909091,-9999,-9999,2.20123060924,44.9779010313,1.14394661582,1.10061530462,-9999
8164300,0.224556320174,0.775081492213,-9999,-9999,-9999,-9999,0.0724375226367,14.0890981528,5.83846432452,0.021731256791,35,17,5.30242665701,20.5650126766,0.514306410721,0.043462513582,-9999
2487500,0.687773546297,0.630932757347,-9999,-9999,-9999,-9999,-9999,22.1224350594,30.7565509009,15.8699482749,-9999,-9999,4.68936508839,18.1492639118,0.0682089467402,7.02552151424,-9999
8159150,-9999,0.549450549451,-9999,-9999,-9999,-9999,-9999,10.4395604396,6.04395604396,-9999,37,15,23.0769230769,8.24175824176,-9999,-9999,-9999
8083245,0.353356890459,0.247349823322,-9999,-9999,-9999,-9999,0.341578327444,1.68433451119,8.48056537102,0.106007067138,21,19,33.109540636,15.2885747939,0.0353356890459,-9999,-9999
8151000,0.168213494749,0.350715394457,-9999,-9999,-9999,0.00454631066889,0.414363743822,1.64121815147,22.3678484909,-9999,20,53,0.735203382455,1.87307999558,0.00454631066889,-9999,-9999
7364200,1.14154321993,1.98803516197,-9999,-9999,-9999,0.0183135275924,-9999,12.530522546,21.4370014651,9.73465733355,0,0,32.0547777959,7.87685170112,0.795621032069,12.4165717076,-9999
2464000,0.151090006475,0.237427153033,-9999,-9999,-9999,0.0863371465573,-9999,37.0386358731,20.0949708612,31.2216706238,-9999,-9999,6.12993740557,4.89963306713,-9999,0.140297863156,-9999
8044500,2.21169704402,0.807713452024,-9999,-9999,-9999,0.277695549823,0.0436982844899,14.6868524549,1.54494580003,0.401742292891,50,11,4.25705868257,14.5106496948,0.160696917157,0.0296020636867,-9999
2483500,0.872819475089,0.746041227311,-9999,-9999,-9999,-9999,-9999,22.8432460108,23.5466214816,12.8423926956,-9999,-9999,11.8062243244,15.6412663197,0.0841124913145,11.6172759743,-9999
8194600,0.254012370289,0.2386349398,-9999,-9999,-9999,0.0202184734198,0.910685605586,2.33480652914,9.40386827807,0.51770682644,12,67,2.58312355481,3.88821177569,0.0344568349831,0.042999851921,-9999
8019200,4.16662214006,1.89576498499,-9999,-9999,-9999,0.00534319330605,0.180599933744,19.6287549291,1.09856054372,3.78404949934,0,0,10.705622108,52.8762409566,1.55273197474,4.0661701059,-9999
2316000,1.11062077081,0.65092674316,-9999,-9999,-9999,0.00367755222124,0.0551632833186,6.45410414828,24.2130038247,4.29170344219,0,-9999,38.5959105619,15.725213298,0.500147102089,8.39585172109,-9999
7274251,-9999,26.4516129032,-9999,-9999,-9999,-9999,-9999,25.8064516129,6.45161290323,12.9032258065,-9999,-9999,10.9677419355,17.4193548387,-9999,-9999,-9999
8150800,0.145674585388,0.022411474675,-9999,-9999,-9999,-9999,0.358583594801,2.35320484088,40.2958314657,-9999,13,39,2.56611385029,2.11788435679,-9999,-9999,-9999
8073500,0.226500566251,12.065510933,-9999,-9999,-9999,0.278769927694,1.07152190957,8.82481052356,1.594215524,2.77027615646,3,6,22.8155762697,35.50831954,4.13799111421,1.2283299939,-9999
8104100,1.5414398948,0.942396902509,-9999,-9999,-9999,-9999,0.89308543668,7.27435438507,14.1943967564,-9999,34,35,3.01165211674,3.13036490485,0.0237425576214,-9999,-9999
2319300,1.00836753184,2.2213931674,-9999,-9999,-9999,0.0479667430581,0.0596919469168,4.73058679316,22.7969940841,5.16441933593,1,0,37.4002025262,10.2456963172,1.27591536535,14.0841016895,-9999
8055000,2.64401671347,1.61312418659,-9999,-9999,-9999,-9999,0.0410987053908,11.5316117542,3.26734707857,1.44872936503,29,4,9.95616138092,36.2764572916,0.0102746763477,0.116446331941,-9999
8083100,1.67051222889,0.535302261191,-9999,-9999,-9999,-9999,0.286109829257,0.0461467466544,0.00922934933087,0.00922934933087,29,9,51.9150899862,7.43885556068,0.0276880479926,-9999,-9999
2481000,0.100351229303,-9999,-9999,-9999,-9999,-9999,-9999,2.10737581535,50.1254390366,22.804816859,-9999,-9999,3.21123933768,8.35423983944,-9999,13.2965378826,-9999
8049580,-9999,1.5947467167,-9999,-9999,-9999,-9999,-9999,2.34521575985,2.72045028143,1.5009380863,15,0,26.2664165103,50.3752345216,-9999,-9999,-9999
8110430,0.496277915633,2.30769230769,-9999,-9999,-9999,0.0496277915633,0.347394540943,19.3052109181,0.471464019851,6.27791563275,0,0,4.93796526055,62.6550868486,1.31513647643,1.56327543424,-9999
8156800,-9999,88.2129277567,-9999,-9999,-9999,-9999,0.190114068441,2.66159695817,4.94296577947,-9999,2,2,-9999,0.570342205323,0.190114068441,-9999,-9999
7344370,1.88084056532,0.86516030524,-9999,-9999,-9999,0.0187459192557,0.332410631699,11.8381117716,2.41023212634,3.507867335,27,9,27.0618385794,14.550871579,0.368159652321,1.20475474727,-9999
2353265,0.856634879586,0.250525294973,-9999,-9999,-9999,-9999,-9999,14.1506384354,14.6436075642,12.7687085825,-9999,-9999,34.3300468725,12.5666720543,0.307095522871,10.1260707936,-9999
7047600,0.247290712052,1.86922685286,-9999,-9999,-9999,0.00727325623682,-9999,0.756418648629,0.240017455815,0.458215142919,-9999,-9999,93.7231798676,2.57473270783,-9999,0.123645356026,-9999
7365900,0.143747005271,-9999,-9999,-9999,-9999,-9999,-9999,11.883085769,60.9008145664,17.872544322,-9999,-9999,2.10828941064,1.43747005271,-9999,5.65404887398,-9999
2408500,0.092936802974,0.423378769104,-9999,-9999,-9999,-9999,-9999,48.3994217266,14.8595621644,29.3370508055,-9999,-9999,3.3044196613,3.56257744734,-9999,0.0206526228831,-9999
7032222,2.44897959184,6.12244897959,-9999,-9999,-9999,-9999,-9999,14.693877551,0.408163265306,9.79591836735,-9999,-9999,37.9591836735,28.5714285714,-9999,-9999,-9999
8061750,7.47100369338,8.38895008532,-9999,-9999,-9999,-9999,0.0518369727208,10.2874792112,3.89857232338,1.57022829867,6,0,21.7434501825,39.6077669064,0.41037603404,0.356379187455,-9999
2479431,0.118203309693,-9999,-9999,-9999,-9999,-9999,-9999,5.31914893617,62.8841607565,24.5862884161,-9999,-9999,2.83687943262,1.536643026,1.18203309693,1.536643026,-9999
2336526,-9999,76.9642857143,-9999,-9999,-9999,-9999,-9999,12.1428571429,6.07142857143,4.82142857143,-9999,-9999,-9999,-9999,-9999,-9999,-9999
2336240,0.0874125874126,76.6608391608,-9999,-9999,-9999,-9999,-9999,6.90559440559,10.2272727273,5.85664335664,-9999,-9999,0.262237762238,-9999,-9999,-9999,-9999
8054000,0.894328077195,0.54914881933,-9999,-9999,-9999,-9999,0.0274574409665,10.9947438613,2.78496901232,1.34149211579,32,4,10.3161528203,36.5183964854,0.0117674746999,0.0862948144661,-9999
2307498,10.8803986711,21.719269103,-9999,-9999,-9999,0.0830564784053,0.0830564784053,0.0415282392027,4.31893687708,0.0415282392027,11,0,12.707641196,2.57475083056,3.1561461794,33.5548172757,-9999
2384540,-9999,-9999,-9999,-9999,-9999,-9999,-9999,47.9532163743,29.5321637427,22.514619883,-9999,-9999,-9999,-9999,-9999,-9999,-9999
7385500,1.49306423854,2.99789647107,-9999,-9999,-9999,0.110324943734,0.035303981995,6.82396551978,12.2284167635,5.01022344479,0,-9999,36.5793383445,14.251040732,2.44480075315,17.884408879,-9999
8064800,2.42815249267,1.16129032258,-9999,-9999,-9999,0.0821114369501,0.187683284457,38.9560117302,0.797653958944,5.38416422287,0,-9999,3.88269794721,44.8445747801,0.621700879765,1.642228739,-9999
7029270,0.811480310925,0.0597932860682,-9999,-9999,-9999,-9999,-9999,42.7692833348,18.5871700692,12.283249338,-9999,-9999,10.2929871017,13.9574613479,0.0256256940292,1.21294951738,-9999
8044800,0.269023827825,1.84473481937,-9999,-9999,-9999,-9999,0.0768639508071,9.72328977709,1.26825518832,1.46041506533,27,2,7.6479631053,49.0392006149,-9999,-9999,-9999
2349605,0.761595141634,3.60829420841,-9999,-9999,-9999,0.129545435792,0.00330052065713,27.7425263835,21.0944526499,17.081844661,-9999,-9999,12.5683826624,9.28436460852,0.157599861378,7.56809386681,-9999
8115000,0.160342063068,1.17584179583,-9999,-9999,-9999,0.160342063068,0.320684126136,8.44468198824,1.76376269375,-9999,6,11,21.5392838055,46.8198824158,2.56547300909,-9999,-9999
2429955,0.200267022697,0.133511348465,-9999,-9999,-9999,-9999,-9999,33.2443257677,22.5634178905,28.5714285714,-9999,-9999,3.13751668892,7.14285714286,0.400534045394,4.60614152203,-9999
8050100,2.03849589864,11.3619751482,-9999,-9999,-9999,0.154308454479,0.0324859904166,8.16210509218,10.6797693495,1.86794444896,9,1,18.013481686,36.8797206205,0.0243644928125,0.544140339479,-9999
2301745,1.83189655172,62.8232758621,-9999,-9999,-9999,0.215517241379,0.10775862069,0.215517241379,3.125,-9999,11,0,7.86637931034,5.81896551724,3.01724137931,3.77155172414,-9999
8190500,0.0799916530449,0.107814836713,-9999,-9999,-9999,0.0173894897924,0.257364448927,0.0173894897924,18.5545856085,-9999,17,63,0.184328591799,0.514728897854,-9999,-9999,-9999
7364500,1.08600246954,1.59925021199,-9999,-9999,-9999,0.0133890715423,-9999,10.9552358708,28.5901307666,10.5044704622,0,0,27.7005013463,7.54399797676,0.58911914786,11.4134396525,-9999
8050300,0.691699604743,1.18577075099,-9999,-9999,-9999,-9999,-9999,6.27470355731,0.741106719368,0.54347826087,59,2,8.99209486166,20.8992094862,-9999,-9999,-9999
8052650,1.51041666667,0.833333333333,-9999,-9999,-9999,-9999,-9999,1.61458333333,4.01041666667,2.55208333333,8,0,21.09375,59.8958333333,-9999,-9999,-9999
7311000,2.91353383459,4.36507936508,-9999,-9999,-9999,0.0452520189362,0.00696184906711,6.94792536898,0.98858256753,0.15664160401,43,5,21.9855193539,13.8575605681,0.0591757170705,-9999,-9999
2479130,1.43215909862,0.610873549175,-9999,-9999,-9999,0.0610873549175,-9999,11.2807982081,38.0234846942,20.6068010588,-9999,-9999,6.03407316908,19.6769157673,0.0814498065567,2.19235729315,-9999
7285500,4.33114119923,0.62669245648,-9999,-9999,-9999,0.0139264990329,0.01083172147,28.8943907157,17.1899419729,9.6835589942,-9999,-9999,17.4839458414,18.0549323017,0.0928433268859,3.61779497099,-9999
2404400,0.407998791115,4.3016168841,-9999,-9999,-9999,0.241777061401,-9999,37.60137007,16.4509142195,24.43963129,-9999,-9999,7.6411625447,8.54782652496,0.0402961769002,0.327406437314,-9999
7337000,1.79682882974,0.793169787122,-9999,-9999,-9999,0.01317758302,0.381093689095,8.61642922707,1.41246589294,1.17959486477,32,10,30.7349520301,11.8029901042,0.232770435942,0.516038174754,-9999
8072300,0.399129172714,2.57619738752,-9999,-9999,-9999,0.0362844702467,0.725689404935,7.29317851959,3.3381712627,-9999,4,7,33.4179970972,36.9375907112,4.68069666183,0.10885341074,-9999
2365500,0.587607205594,1.23721282678,-9999,-9999,-9999,0.003444356422,0.0061998415596,14.6743361003,21.5747597561,22.1038129026,0,-9999,22.6018668412,10.2607377811,0.262459959357,6.6813625874,-9999
8064700,0.423585225347,2.15181294476,-9999,-9999,-9999,0.0169434090139,0.288037953236,24.5848864792,1.88071840054,1.42324635717,0,0,2.20264317181,65.825144019,0.525245679431,0.321924771264,-9999
8167600,0.434782608696,6.73913043478,-9999,-9999,-9999,-9999,0.217391304348,3.04347826087,60,-9999,23,6,-9999,1.08695652174,-9999,-9999,-9999
8110500,2.89739976944,1.31164339695,-9999,-9999,-9999,0.471371845779,0.450877417702,20.2894837966,2.49775842193,3.55834507493,4,2,9.91930318945,51.7381836813,0.791597284488,0.596900217753,-9999
2363000,0.29511369134,0.270924044509,-9999,-9999,-9999,0.00967585873246,-9999,20.0580551524,24.0541848089,24.9201741655,0,-9999,17.503628447,5.47169811321,0.111272375423,7.30043541364,-9999
8211500,0.450106451912,0.417852679811,-9999,-9999,-9999,0.0514903267611,0.67675067111,4.15769925021,12.2883978987,0.440126585208,10,55,6.78110247154,9.83624340461,0.105005554013,0.125399194668,-9999
8048800,0.592525068368,17.5022789426,-9999,-9999,-9999,-9999,0.0455788514129,2.096627165,1.86873290793,0.957155879672,8,0,12.57976299,55.6973564266,-9999,-9999,-9999
8075770,-9999,88.961892247,-9999,-9999,-9999,-9999,-9999,0.788436268068,0.262812089356,1.70827858081,-9999,-9999,-9999,7.75295663601,-9999,0.525624178712,-9999
2353000,0.931246201882,2.72500576266,-9999,-9999,-9999,0.0980700320614,0.0184405188491,21.3578927516,19.3918819807,13.5269587812,0,0,22.5066532554,10.7047211919,0.358751912156,8.36990004401,-9999
2473000,0.930181357845,1.05402207117,-9999,-9999,-9999,0.0426562457,0.0261441505903,14.9723422407,33.0613424333,14.7012686793,0,-9999,7.14423315078,20.4763739439,0.0770564438451,7.5130032749,-9999
8064500,2.11082454866,2.13085609835,-9999,-9999,-9999,0.0300473245361,0.150236622681,11.8661892481,2.31865187671,0.165260284949,5,0,26.2413300949,49.6431880211,0.065102536495,0.0250394371135,-9999
2479310,0.849079869878,1.08953506124,-9999,-9999,-9999,0.0290660121431,0.0146798041127,12.5265704454,34.1643081115,23.1145259598,0,-9999,6.2703315287,11.3489565595,0.308569482449,10.2793860319,-9999
7344500,7.31063605173,2.05199261019,-9999,-9999,-9999,1.63631565057,0.362892583795,24.8350488255,1.97281604645,8.01002903141,-9999,-9999,2.32911058327,47.7038796516,1.45157033518,2.33570863025,-9999
8151500,0.202646459428,0.349608197709,-9999,-9999,-9999,0.00401848503114,0.401274433824,1.68030081231,22.3754987227,0.000574069290163,20,53,0.760641809466,1.68259708947,0.00574069290163,-9999,-9999
7332620,1.57790927022,1.6929651545,-9999,-9999,-9999,0.00821827744905,0.0575279421433,13.2232084155,5.08711374096,1.79158448389,0,0,18.5979618672,54.8405654175,0.558842866535,2.00525969757,-9999
2451000,-9999,3.16742081448,-9999,-9999,-9999,4.52488687783,-9999,15.8371040724,34.3891402715,41.1764705882,-9999,-9999,0.452488687783,0.452488687783,-9999,-9999,-9999
7362000,2.29102055373,0.729515116221,-9999,-9999,-9999,0.0338574466068,0.0284402551497,33.1951949512,24.9384923053,18.8233860155,-9999,-9999,1.79489610278,12.3471336286,0.331351544125,5.48671208079,-9999
8194500,0.252152375055,0.240839753742,-9999,-9999,-9999,0.015778129726,0.927634947664,2.29021041476,9.7642806959,0.529013896662,13,67,2.59178108292,3.87635900306,0.0342355644998,0.042868880765,-9999
2312720,1.32772528956,7.00273078251,-9999,-9999,-9999,0.412756207037,0.21344047208,0.441005681283,24.3557550457,0.940079726294,16,2,17.3090806366,2.80140619605,6.45971311089,20.6896010546,-9999
2312722,1.72277432,5.99360407139,-9999,-9999,-9999,0.3318317802,0.218355627386,0.34558646539,20.9587015577,0.935318592896,17,2,17.1469344245,2.86785186204,7.60290223858,23.639145834,-9999
8136500,0.329131035293,0.838255605513,-9999,-9999,-9999,0.00367333744747,0.519042581328,0.62446736607,0.245378941491,-9999,15,70,12.5870580975,0.593243997767,0.0168973522584,0.00367333744747,-9999
2303300,3.94045534151,33.5814360771,-9999,-9999,-9999,0.131348511384,0.175131348511,0.0875656742557,10.6392294221,0.481611208406,9,1,22.6795096322,4.5534150613,3.76532399299,9.588441331,-9999
8104000,0.391103846827,0.826960870157,-9999,-9999,-9999,-9999,0.883388788356,6.62541591267,13.9980152939,-9999,35,36,3.12688498434,3.05878232444,0.0233494833927,-9999,-9999
8076997,0.444444444444,8.51851851852,-9999,-9999,-9999,0.0740740740741,0.222222222222,14.6666666667,5.25925925926,-9999,3,2,16.962962963,46,2,1.11111111111,-9999
2336410,0.452196382429,54.7803617571,-9999,-9999,-9999,-9999,-9999,12.661498708,11.8863049096,18.7984496124,-9999,-9999,1.35658914729,0.0645994832041,-9999,-9999,-9999
8074800,-9999,53.1531531532,-9999,-9999,-9999,-9999,0.36036036036,10.8108108108,0.18018018018,0.540540540541,1,1,24.3243243243,8.64864864865,0.18018018018,-9999,-9999
7339000,2.99547511312,0.153846153846,-9999,-9999,-9999,0.0120663650075,0.0180995475113,53.0829562594,8.74208144796,26.7933634992,0,-9999,0.180995475113,7.89140271493,0.0361990950226,0.0723981900452,-9999
7341000,2.15956808638,0.239952009598,-9999,-9999,-9999,-9999,0.0399920015997,32.9734053189,17.0365926815,38.8922215557,-9999,-9999,0.239952009598,8.31833633273,0.0999800039992,-9999,-9999
2307668,2.06896551724,86.8965517241,-9999,-9999,-9999,-9999,-9999,-9999,3.44827586207,0.689655172414,-9999,-9999,0.689655172414,0.689655172414,2.75862068966,2.75862068966,-9999
8132500,0.357955024004,0.637099782219,-9999,-9999,-9999,0.00541444574124,0.388035278122,0.761632034267,0.113703360566,-9999,15,74,8.13911515924,0.253275739673,0.0120321016472,-9999,-9999
2306500,12.9032258065,67.0967741935,-9999,-9999,-9999,-9999,-9999,-9999,3.22580645161,-9999,2,0,6.45161290323,-9999,3.22580645161,4.83870967742,-9999
2367900,0.349924029651,0.787329066716,-9999,-9999,-9999,-9999,-9999,9.48478290897,35.9869238915,21.3545743358,-9999,-9999,16.5799530365,9.64593213316,0.0598554261246,5.75072517151,-9999
2294068,10.1123595506,39.3258426966,-9999,-9999,-9999,-9999,-9999,-9999,3.37078651685,-9999,3,-9999,24.7191011236,1.12359550562,4.49438202247,13.4831460674,-9999
8088600,0.795869268253,0.832772646645,-9999,-9999,-9999,0.0194711195384,0.467816584093,0.854690399005,1.12748995861,0.0373111505291,32,13,43.8374416376,6.66330254654,0.0826758007625,0.00417966440353,-9999
8077000,0.426439232409,9.026297086,-9999,-9999,-9999,0.0710732054016,0.213219616205,15.0675195451,5.40156361052,-9999,3,2,16.4179104478,45.2025586354,1.91897654584,1.42146410803,-9999
8057450,0.273348519362,40.2277904328,-9999,-9999,-9999,-9999,0.0455580865604,4.10022779043,7.56264236902,1.04783599089,4,0,11.3895216401,31.1161731207,-9999,-9999,-9999
2385170,0.218579234973,7.4043715847,-9999,-9999,-9999,0.341530054645,-9999,27.9781420765,14.3852459016,23.1967213115,-9999,-9999,5.5737704918,20.7103825137,0.0136612021858,0.177595628415,-9999
7315200,0.909884083261,0.0373924965724,-9999,-9999,-9999,-9999,0.0249283310482,4.44970709211,0.897419917737,0.0124641655241,66,15,3.70185716066,8.72491586688,0.224354979434,-9999,-9999
7372000,1.40043763676,1.27279358133,-9999,-9999,-9999,0.0255288110868,0.0145878920496,23.7417943107,37.9212253829,17.9066374909,-9999,-9999,3.56673960613,3.42815463166,-9999,10.7221006565,-9999
2345500,0.938755246649,7.92526063998,-9999,-9999,-9999,0.117344405831,0.00225662318906,20.2892990928,19.5536399332,18.5539558605,-9999,-9999,11.7479803222,13.0545651487,0.130884144965,7.68605858194,-9999
7361500,0.323537341602,0.175249393367,-9999,-9999,-9999,-9999,0.0134807225667,37.0854677811,30.6551631167,23.2946885953,-9999,-9999,0.579671070369,7.84578053384,0.0269614451335,-9999,-9999
7351748,0.312825860271,1.14702815433,-9999,-9999,-9999,1.35557872784,-9999,25.5474452555,22.8362877998,30.6569343066,-9999,-9999,4.69238790407,3.02398331595,0.625651720542,9.80187695516,-9999
8155541,-9999,91.6666666667,-9999,-9999,-9999,-9999,-9999,-9999,6.94444444444,-9999,-9999,1,-9999,-9999,-9999,-9999,-9999
242354750,1.42045454545,9.56439393939,-9999,-9999,-9999,-9999,-9999,36.3636363636,14.1098484848,27.5568181818,-9999,-9999,4.07196969697,6.62878787879,-9999,0.284090909091,-9999
2299160,0.263620386643,0.175746924429,-9999,-9999,-9999,-9999,-9999,-9999,3.0755711775,-9999,2,0,0.351493848858,0.878734622144,23.2864674868,69.1564147627,-9999
2465292,0.470588235294,75.0588235294,-9999,-9999,-9999,-9999,-9999,12,2.11764705882,7.76470588235,-9999,-9999,1.41176470588,1.17647058824,-9999,-9999,-9999
2306289,11.8279569892,60.2150537634,-9999,-9999,-9999,-9999,-9999,-9999,7.52688172043,-9999,2,1,7.52688172043,-9999,5.37634408602,4.30107526882,-9999
8019500,1.64277492937,1.26608768442,-9999,-9999,-9999,0.0627812074919,0.167416553312,40.0230197761,4.3528303861,10.7146594119,-9999,-9999,2.99257089045,33.567018939,1.14052526944,4.07031495239,-9999
2394950,0.28901734104,-9999,-9999,-9999,-9999,-9999,-9999,43.6416184971,11.0789980732,36.4161849711,-9999,-9999,2.60115606936,5.97302504817,-9999,-9999,-9999
2359000,0.598717034925,1.19458303635,-9999,-9999,-9999,-9999,-9999,13.3086243763,15.60085531,13.0748396294,0,-9999,29.5965787598,12.8410548824,0.253741981468,13.5253029223,-9999
2369800,0.0275103163686,0.0825309491059,-9999,-9999,-9999,-9999,-9999,4.09903713893,66.2998624484,13.5350756534,-9999,-9999,10.3163686382,5.03438789546,-9999,0.60522696011,-9999
7351500,0.403669724771,0.0366972477064,-9999,-9999,-9999,-9999,-9999,29.9816513761,18.3119266055,23.3394495413,-9999,-9999,3.59633027523,11.376146789,0.146788990826,12.8073394495,-9999
2341725,0.294225818316,1.397572637,-9999,-9999,-9999,-9999,-9999,31.1143802869,36.8885619713,23.3173961015,-9999,-9999,4.04560500184,0.698786318499,0.0367782272894,2.20669363737,-9999
2441390,1.36194060245,1.44991284232,-9999,-9999,-9999,0.048873466595,0.00543038517722,26.5078822041,13.0095737691,14.3106940575,0,0,19.4098257389,16.6978913814,0.387729501654,6.80753085816,-9999
8093700,1.17942283563,3.56336260979,-9999,-9999,-9999,0.351317440402,0.878293601004,11.5432873275,2.40903387704,0.0501882057716,39,15,18.017565872,7.57841907152,-9999,-9999,-9999
2335815,4.48845118322,5.68584384299,-9999,-9999,-9999,0.0318832365028,0.00531387275046,37.6576448916,11.9969533796,25.5827547116,-9999,-9999,3.91278163526,10.5019838458,0.0141703273346,0.122219073261,-9999
2423380,0.688468158348,4.13080895009,-9999,-9999,-9999,0.189328743546,-9999,42.1686746988,14.182444062,30.4991394148,-9999,-9999,2.53012048193,5.33562822719,0.0344234079174,0.240963855422,-9999
8053000,3.99077610435,3.08712257693,-9999,-9999,-9999,0.00144123369604,0.00576493478418,7.7596022195,3.33933847373,1.42826259278,20,2,18.6899185703,39.525834114,0.121063630468,0.363190891403,-9999
2303420,1.026957638,5.00641848524,-9999,-9999,-9999,0.0427899015832,-9999,-9999,17.757809157,0.898587933248,21,1,23.2349165597,3.33761232349,6.07616602482,21.0954214805,-9999
8082500,0.355613378869,0.731206777718,-9999,-9999,-9999,0.0254009556335,0.588403844218,0.0181214134703,0.0171921102154,0.0178116457186,28,11,55.1395890931,4.18170976311,0.0473944659991,0.00154883875814,-9999
2400000,0.184426229508,0.102459016393,-9999,-9999,-9999,-9999,-9999,39.487704918,25.6352459016,28.381147541,-9999,-9999,3.3606557377,2.84836065574,-9999,-9999,-9999
7336800,0.510948905109,0.194647201946,-9999,-9999,-9999,-9999,-9999,41.1922141119,3.55231143552,8.32116788321,-9999,-9999,3.60097323601,30.9489051095,2.74939172749,8.92944038929,-9999
2320500,0.794047903931,1.30062249626,-9999,-9999,-9999,0.139851881319,0.0534544968595,2.85359994282,36.1445633358,3.33344728672,2,0,22.8862942048,5.35384079883,2.70877555016,22.1416606323,-9999
8177000,0.0587774294671,0.653082549634,-9999,-9999,-9999,-9999,0.0979623824451,18.736938349,4.40830721003,-9999,38,15,6.98145245559,15.3474399164,0.391849529781,0.0522466039707,-9999
2312598,1.08971372366,5.50551327846,-9999,-9999,-9999,0.32096081172,0.176010767718,0.336491173578,22.0531138376,1.25795931045,16,1,13.5295335715,3.17854739349,6.8230056427,28.4335041673,-9999
8063000,3.89073386729,2.77397929283,-9999,-9999,-9999,0.0195350654425,0.175815588982,12.8410496842,0.260467539233,0.892101321873,1,0,7.69681578433,67.0410887543,1.28280263072,1.87862212672,-9999
8194000,0.200616779961,0.250537699625,-9999,-9999,-9999,0.019595127345,0.878981426619,1.70151022446,14.3874889777,0.120836618628,13,62,3.29151484331,4.28013567293,0.0191285766939,0.0485212677114,-9999
8049600,0.831811726517,2.02880908906,-9999,-9999,-9999,0.385473726922,-9999,5.59951308582,6.7153580848,1.54189490769,10,1,30.8987624265,40.9007912355,-9999,0.0608642726719,-9999
2312200,0.756086496295,1.78436413126,-9999,-9999,-9999,0.0302434598518,0.120973839407,-9999,28.1415393921,0.393164978073,13,1,11.9461666415,1.89021624074,8.7554816271,32.2244064721,-9999
2329600,0.861728199858,2.23733101431,-9999,-9999,-9999,0.205549845838,0.118586449522,5.14665190924,29.844256463,11.1234089651,3,-9999,27.6464542652,1.87366590244,1.39141434105,17.0052968614,-9999
8028700,0.176366843034,0.352733686067,-9999,-9999,-9999,-9999,-9999,2.6455026455,75.8377425044,13.7566137566,-9999,-9999,0.176366843034,1.0582010582,0.352733686067,5.64373897707,-9999
2388900,0.139178844816,0.0347947112039,-9999,-9999,-9999,-9999,-9999,38.5873347251,27.4530271399,31.8719554628,-9999,-9999,0.730688935282,1.18302018093,-9999,-9999,-9999
8017300,0.557620817844,1.70384138786,-9999,-9999,-9999,-9999,0.0309789343247,12.8562577447,0.402726146221,0.371747211896,0,-9999,33.7980173482,46.6852540273,2.44733581165,0.681536555143,-9999
8020700,0.31867431485,1.9120458891,-9999,-9999,-9999,-9999,0.19120458891,32.1542383684,5.321861058,17.5908221797,-9999,0,3.37794773741,29.6048438496,2.19885277247,7.29764181007,-9999
7040000,1.21312076232,1.1214953271,-9999,-9999,-9999,0.0183250870442,0.0201575957486,66.7088143669,0.824628916987,11.1434854316,3,-9999,2.99065420561,12.4372365769,0.0952904526296,0.687190764156,-9999
2309415,-9999,93.4426229508,-9999,-9999,-9999,-9999,-9999,-9999,1.6393442623,-9999,-9999,-9999,-9999,-9999,1.6393442623,3.27868852459,-9999
2313230,1.61527165932,8.06231245611,-9999,-9999,-9999,0.389452850667,0.187703505076,0.372853220967,25.9286215923,0.83636595799,17,2,16.100363915,2.48611377131,6.20443082424,18.8546255507,-9999
8158030,-9999,98.5294117647,-9999,-9999,-9999,-9999,-9999,-9999,-9999,-9999,-9999,-9999,1.47058823529,-9999,-9999,-9999,-9999
8096500,1.18114754699,0.988562949361,-9999,-9999,-9999,0.0384192434828,0.458996004236,2.90871115648,3.08981881908,0.0669080892857,32,14,36.8237867211,8.4980599096,0.078629214416,0.00333726479405,-9999
7046600,0.877144893372,1.5284249767,-9999,-9999,-9999,0.00657858670029,0.00877144893372,6.0808069733,0.166657529741,0.954991502659,0,-9999,78.9682583192,7.10048791185,0.418836686585,3.73115509018,-9999
7357000,5.50727188717,0.314638385883,-9999,-9999,-9999,0.008801073731,0.0044005368655,46.817311712,13.1422033488,24.0709366543,-9999,-9999,0.32783999648,9.65917841977,0.147417984994,-9999,-9999
2488000,1.79705810612,2.62585769887,-9999,-9999,-9999,0.0243920545534,0.00530262055508,21.4125120635,24.1518458422,13.1616344798,-9999,-9999,9.78969806879,15.9099827135,0.0684038051605,11.0533125471,-9999
8074150,-9999,65.617433414,-9999,-9999,-9999,-9999,-9999,4.84261501211,-9999,8.23244552058,-9999,-9999,6.77966101695,11.8644067797,0.968523002421,1.69491525424,-9999
2374250,0.404625857779,0.481176695738,-9999,-9999,-9999,0.0118471534935,0.00729055599603,12.7484484786,36.3261065697,27.2985756076,0,-9999,10.9258094795,5.26651538763,0.111180978939,6.416600596,-9999
2471078,0.282485875706,5.22598870056,-9999,-9999,-9999,-9999,-9999,4.37853107345,14.8305084746,16.384180791,-9999,-9999,16.8079096045,30.9322033898,0.423728813559,10.7344632768,-9999
7333800,0.0806451612903,0.0806451612903,-9999,-9999,-9999,-9999,-9999,43.3602150538,0.940860215054,9.65053763441,18,-9999,0.188172043011,27.7150537634,-9999,-9999,-9999
8105400,0.328789093825,1.43945469126,-9999,-9999,-9999,0.400962309543,0.457097032879,8.88933440257,25.4049719326,-9999,34,20,5.50120288693,3.66479550922,0.0200481154771,-9999,-9999
2450250,-9999,0.0790305584826,-9999,-9999,-9999,-9999,-9999,45.363540569,24.5258166491,28.2929399368,-9999,-9999,0.50052687039,1.13277133825,-9999,0.105374077977,-9999
7025500,0.368710647229,0.243916274321,-9999,-9999,-9999,0.00567247149583,-9999,24.6979408928,1.40677293097,3.44886266947,-9999,-9999,30.6540359635,32.9910942198,-9999,6.18299393046,-9999
2337500,0.202292650034,1.01146325017,-9999,-9999,-9999,-9999,-9999,29.4672960216,24.275118004,21.4430209036,-9999,-9999,16.250842886,7.34996628456,-9999,-9999,-9999
8057000,3.08470099681,8.87542660758,-9999,-9999,-9999,0.0926802491627,0.0322193140866,10.2290355685,3.25136633758,1.10460537307,29,5,10.0385040692,29.0773343092,0.221159736199,0.338501682564,-9999
2392975,0.975609756098,31.0801393728,-9999,-9999,-9999,-9999,-9999,19.8606271777,15.0522648084,20.487804878,-9999,-9999,8.71080139373,3.83275261324,-9999,-9999,-9999
8019000,1.58789854164,0.798127951193,-9999,-9999,-9999,0.00417868037274,0.129539091555,18.8709205633,1.45000208934,3.75663365509,0,0,7.46730182608,62.4085913668,1.04467009318,2.41527725544,-9999
7282000,0.5588720945,0.889114695796,-9999,-9999,-9999,-9999,-9999,22.0373428172,14.8990219738,8.25606503239,-9999,-9999,26.3813031881,20.7290740506,-9999,6.24920614759,-9999
2349900,0.101471334348,0.304414003044,-9999,-9999,-9999,-9999,0.050735667174,10.9081684424,6.34195839675,3.80517503805,-9999,-9999,45.4084221208,21.0553018772,-9999,12.0243531202,-9999
2448900,0.333839150228,0.212443095599,-9999,-9999,-9999,0.0303490136571,-9999,16.4188163885,32.2913505311,14.0060698027,-9999,-9999,23.8846737481,8.96813353566,0.1062215478,3.74810318665,-9999
2401500,0.449201949728,1.10866864188,-9999,-9999,-9999,0.0860173946287,-9999,42.014718532,12.9026091943,24.0084105897,-9999,-9999,6.65201185129,12.3196024085,0.0382299531683,0.420529484851,-9999
2378500,0.0863185153215,1.85584807941,-9999,-9999,-9999,-9999,-9999,3.4095813552,29.6504100129,13.5088476478,-9999,-9999,16.6163141994,26.6724212344,0.258955545965,7.94130340958,-9999
2383500,0.866817417522,0.426161071491,-9999,-9999,-9999,0.0608801530701,-9999,40.3026613324,21.6269496144,26.8278541196,-9999,-9999,2.22647416942,7.63031251812,0.0057981098162,0.0260914941729,-9999
8079000,1.73903028907,6.21904871588,-9999,-9999,-9999,0.0691005412876,0.310952435794,11.6319244501,7.54347575723,0.172751353219,2,2,14.1425774502,43.3836231717,4.08844869285,6.47241736727,-9999
2394000,1.69342187265,3.74787785013,-9999,-9999,-9999,0.0494272881611,0.00429802505749,39.8706294458,16.712870436,27.2709689897,-9999,-9999,2.96993531472,7.41409322416,0.12034470161,0.146132851955,-9999
7363200,0.762116800822,0.905548895359,-9999,-9999,-9999,0.149854427128,0.010703887652,32.4477650283,33.6016441171,14.2126220243,-9999,-9999,0.443140948793,7.17802705943,0.137009761946,10.1515670492,-9999
2470072,0.680272108844,6.34920634921,-9999,-9999,-9999,-9999,-9999,18.5941043084,33.1065759637,29.0249433107,-9999,-9999,6.34920634921,5.89569160998,-9999,-9999,-9999
2336968,0.544365813827,21.2302667392,-9999,-9999,-9999,-9999,-9999,18.1818181818,18.2906913446,24.2787152967,-9999,-9999,6.20577027763,10.4518236255,-9999,0.81654872074,-9999
810464660,0.150046168052,0.242382271468,-9999,-9999,-9999,-9999,0.473222530009,5.87488457987,30.540166205,-9999,38,22,1.67359187442,0.50784856879,-9999,-9999,-9999
2294781,9.49298160697,22.0534849952,-9999,-9999,-9999,0.635285575992,0.520329138432,0.169409486931,4.79791868345,0.169409486931,14,1,24.497821878,4.58010648596,6.59486931268,11.229428848,-9999
2446500,0.346841913107,0.44267981015,-9999,-9999,-9999,0.424424972618,0.00456370938299,35.665388828,16.8218327857,27.5191675794,-9999,-9999,4.79189485214,5.13417305586,0.374224169405,8.47480832421,-9999
2475500,1.04684975767,1.23424878837,-9999,-9999,-9999,0.0064620355412,-9999,27.5153473344,23.8126009693,18.0678513732,-9999,-9999,7.30856219709,16.0387722132,0.064620355412,4.90468497577,-9999
8134000,-9999,0.292662263897,-9999,-9999,-9999,-9999,0.267631938695,0.115524577854,0.0500606504034,-9999,12,81,5.88790265129,0.0789417948669,0.0019254096309,0.00962704815449,-9999
2440000,1.41686582451,0.119494708091,-9999,-9999,-9999,-9999,-9999,24.1720723797,14.7832024582,7.45988391943,-9999,-9999,22.516217139,25.2133834073,0.665756230795,3.65312393308,-9999
2300300,0.189633375474,3.72945638432,-9999,-9999,-9999,0.063211125158,-9999,-9999,13.0847029077,0.379266750948,39,0,14.8546144121,6.13147914033,2.90771175727,19.595448799,-9999
2312500,0.70091975896,5.35045987948,-9999,-9999,-9999,0.266412940057,0.136378052648,0.23152553124,21.6175071361,1.34475103076,15,1,11.4620995877,3.36187757691,7.02822708532,32.38503013,-9999
2479945,-9999,-9999,-9999,-9999,-9999,-9999,-9999,7.039020658,32.9762815608,32.5172149962,-9999,-9999,12.5478194338,13.7719969396,-9999,1.14766641163,-9999
2431500,2.90165754316,0.815373425717,-9999,-9999,-9999,-9999,-9999,27.5427783945,15.6260766374,20.9661983693,0,-9999,11.8784213146,14.8642958313,0.252650920645,5.14106343069,-9999
8206700,0.293001881381,0.66927798168,-9999,-9999,-9999,0.0123369213213,0.296086111711,6.42445177806,5.24319156155,0.496561083182,5,38,10.6004996453,33.5348363816,0.0277580729729,-9999,-9999
8176000,0.734625170885,1.64196023294,-9999,-9999,-9999,0.0817331315952,0.351257863165,14.9960836208,23.5634672362,0.0102166414494,22,16,6.09252385099,14.1077223214,0.0700569699387,0.0131356818635,-9999
2371500,0.27318333085,0.541399692048,-9999,-9999,-9999,0.00993393930363,-9999,16.4506034868,25.9524164307,27.5964833855,-9999,-9999,15.2883325883,5.75671782645,0.114240301992,8.01668901803,-9999
8206600,0.215204931329,0.443927760355,-9999,-9999,-9999,0.00594787498648,0.427165567211,3.80393641181,24.0596950362,0.170325510977,8,40,10.5320644533,12.2558667676,0.0205472044988,0.165459067806,-9999
2337000,0.741037452433,14.8808331664,-9999,-9999,-9999,0.0700981373923,-9999,24.4442219107,17.6246745444,21.2297216103,-9999,-9999,7.56058481875,10.0841177649,0.150210294412,3.21450030042,-9999
2477990,0.279795798154,0.15216964461,-9999,-9999,-9999,-9999,-9999,14.4855684273,31.6267425879,32.4563125859,-9999,-9999,7.51521696446,6.39603377184,0.382878460632,6.70528175928,-9999
2490105,0.297914597815,0.66203243959,-9999,-9999,-9999,-9999,-9999,6.32240979808,65.0777888117,16.3190996359,-9999,-9999,1.68818272095,9.63257199603,-9999,-9999,-9999
8048000,2.78305691268,4.02532748663,-9999,-9999,-9999,0.19653832961,0.0417180416624,13.1170793663,2.12205771923,0.695300694374,44,8,4.54633947361,19.6093337165,0.130716530542,0.0658217990674,-9999
8211900,0.0431551186766,0.70966195157,-9999,-9999,-9999,0.0431551186766,0.527451450491,0.867897386718,6.62670822345,0.0479501318629,8,69,4.81898825222,9.08175497483,0.00959002637257,0.0143850395589,-9999
2461500,0.135746606335,68.5972850679,-9999,-9999,-9999,1.26696832579,-9999,10.9954751131,3.84615384615,12.5339366516,-9999,-9999,1.90045248869,0.723981900452,-9999,-9999,-9999
8016800,0.259882369033,0.451374640952,-9999,-9999,-9999,-9999,0.0136780194228,5.1019012447,55.2318424292,15.7023662974,0,-9999,1.16263165094,5.62166598277,1.32676788401,15.1005334428,-9999
2491500,0.740037488741,1.21716692227,-9999,-9999,-9999,0.0365150076682,0.119282358383,10.2899291609,27.7246281555,17.5393753499,-9999,-9999,10.5601402176,28.9515324132,0.00486866768909,2.81652425814,-9999
7277730,1.27205580632,-9999,-9999,-9999,-9999,-9999,-9999,12.4333196553,3.89823553549,1.682396389,-9999,-9999,33.1965531391,46.6146901929,-9999,0.902749281904,-9999
8063500,2.99383428402,0.745161396683,-9999,-9999,-9999,-9999,0.197830459296,14.2767648126,2.25526723598,-9999,5,0,18.6686010089,55.4255003462,0.0692406607537,-9999,-9999
2408540,0.137412971785,0.393917185782,-9999,-9999,-9999,-9999,-9999,48.6899963357,15.4635397582,28.9666544522,-9999,-9999,2.9956027849,3.33455478197,-9999,0.0183217295713,-9999
2338523,0.144717800289,-9999,-9999,-9999,-9999,-9999,-9999,50.3617945007,20.5499276411,20.4052098408,-9999,-9999,3.90738060781,4.63096960926,-9999,-9999,-9999
8101000,0.312831389183,0.222693531283,-9999,-9999,-9999,-9999,0.461293743372,5.82184517497,10.5673382821,-9999,29,43,6.59597030753,4.59172852598,0.0212089077413,-9999,-9999
2361500,0.481113920229,2.43198369873,-9999,-9999,-9999,0.0037734425116,0.0018867212558,15.9805290366,19.0087166522,22.2029357383,0,-9999,23.8557035584,10.3599864156,0.177351798045,5.48658541187,-9999
2434250,0.236406619385,-9999,-9999,-9999,-9999,-9999,-9999,25.4137115839,7.44680851064,4.8463356974,-9999,-9999,26.0047281324,35.3427895981,-9999,0.709219858156,-9999
8039500,5.4464921191,1.94863077593,-9999,-9999,-9999,0.0124380687825,0.0925945120477,22.8694624681,15.1122535708,23.6371677135,0,0,1.43590594056,22.9192147433,1.05170781594,5.4368180656,-9999
7025000,0.480653689017,2.01874549387,-9999,-9999,-9999,0.0120163422254,-9999,34.9074741649,2.75174236962,5.51550108147,-9999,-9999,30.2571497236,22.4585436193,-9999,1.59817351598,-9999
2329500,0.815328169588,1.19241744802,-9999,-9999,-9999,0.244598450876,0.112107623318,5.41174072564,28.6791683653,10.8642478598,3,-9999,30.1977170811,1.96697920913,1.2331838565,16.5715450469,-9999
8061540,0.180722891566,22.9116465863,-9999,-9999,-9999,-9999,0.100401606426,4.95983935743,3.01204819277,1.04417670683,8,0,35.3212851406,24.3775100402,-9999,-9999,-9999
7378500,0.906158251477,2.65685599333,-9999,-9999,-9999,0.038058646562,0.420457428685,16.9433469861,27.4420964877,18.1775345246,0,-9999,14.3118634238,17.0339628113,0.293595273479,1.3519881112,-9999
8047050,0.268576544315,11.1011638317,-9999,-9999,-9999,-9999,0.0895255147717,2.46195165622,1.16383169203,0.940017905103,48,3,3.44673231871,29.8567591764,-9999,-9999,-9999
2336360,0.642791551882,54.5454545455,-9999,-9999,-9999,-9999,-9999,12.2130394858,12.1212121212,18.54912764,-9999,-9999,1.83654729109,0.0918273645546,-9999,-9999,-9999
8014800,0.22159548751,6.08380338437,-9999,-9999,-9999,0.0201450443191,0.22159548751,7.87671232877,34.9315068493,16.1160354553,0,-9999,2.86059629331,20.3062046737,0.946817082998,10.3746978243,-9999
728875070,1.9055745165,1.73492605233,-9999,-9999,-9999,-9999,0.028441410694,0.597269624573,0.14220705347,0.483503981797,-9999,-9999,81.7406143345,3.61205915813,-9999,9.75540386803,-9999
8157000,-9999,97.9381443299,-9999,-9999,-9999,-9999,-9999,1.03092783505,-9999,-9999,-9999,1,-9999,-9999,-9999,-9999,-9999
8138000,0.322545531627,0.914547395478,-9999,-9999,-9999,0.0166142458565,0.952359127427,0.567366947581,0.478089247146,0.00210065177496,31,43,21.7931163551,1.43197612132,0.0305549349084,0.00114581005907,-9999
2428500,0.0487804878049,0.117073170732,-9999,-9999,-9999,-9999,-9999,16.7317073171,31.5707317073,41.2,-9999,-9999,3.81463414634,1.62926829268,0.0878048780488,4.8,-9999
8091750,8.25908156271,1.64496230295,-9999,-9999,-9999,0.788211103496,0.445510623715,10.5894448252,6.54557916381,-9999,52,3,7.05962988348,8.70459218643,0.205620287868,-9999,-9999
2453500,1.77169317495,1.00412723978,-9999,-9999,-9999,0.13589691967,0.00251660962352,33.730118784,17.7987215623,24.652707872,-9999,-9999,7.28935977451,13.3443225287,0.0251660962352,0.245369438293,-9999
7363400,1.04484512252,2.54276467869,-9999,-9999,-9999,1.11881645862,0.0832177531207,17.4572353213,44.6232085067,13.7494220989,-9999,-9999,0.360610263523,8.22931114193,0.0739713361073,10.7165973185,-9999
8074810,0.404694455686,48.8061513557,-9999,-9999,-9999,-9999,0.485633346823,11.2909753136,0.242816673412,1.05220558478,2,1,18.7373532983,14.8522865237,0.485633346823,0.445163901255,-9999
2470100,0.14847809948,0.965107646622,-9999,-9999,-9999,0.0989853996536,-9999,11.0368720614,40.3489235338,34.855233853,-9999,-9999,4.39247710963,2.26429101707,0.0618658747835,5.8277654046,-9999
7364150,1.1669445106,3.29046598396,-9999,-9999,-9999,0.0317535921251,-9999,13.9834881321,13.2174327221,9.30777169167,0,0,40.4778915615,7.37874097007,0.321505120267,10.8120981186,-9999
8074000,0.203799403159,20.969502875,-9999,-9999,-9999,0.23291360361,0.902540213989,7.71526311959,1.75413057719,4.96397117694,3,5,19.1207511464,31.6908071912,3.49370405415,1.02627556591,-9999
2472850,0.894622845842,1.99642150862,-9999,-9999,-9999,-9999,0.00941708258781,14.3893021942,28.1947452679,15.6135229306,-9999,-9999,7.77851021753,30.9916187965,-9999,0.131839156229,-9999
2479000,0.819756197621,1.22377366231,-9999,-9999,-9999,0.0271054328078,0.0168493230968,14.3175291567,33.1158793881,23.2293559163,0,-9999,6.38662603294,11.4835462697,0.290833968235,9.08581433511,-9999
8152900,0.065261371794,0.691770541017,-9999,-9999,-9999,0.0195784115382,0.385042093585,2.6626639692,39.979116361,-9999,14,35,5.34490634993,2.27109573843,0.0130522743588,-9999,-9999
8181480,0.163132137031,18.7135865766,-9999,-9999,-9999,0.675833139128,0.454439524586,10.4054998835,40.3052901422,-9999,10,7,7.51573059893,5.19692379399,0.0116522955022,-9999,-9999
8070200,0.391735641625,1.90181335692,-9999,-9999,-9999,-9999,0.132684652808,11.8026157832,22.4995261262,41.6692992987,0,0,0.973020787262,18.6200796108,0.688696531244,1.30157326088,-9999
2326900,1.18311131181,4.47505080154,-9999,-9999,-9999,0.00903138405961,0.0180627681192,3.12937457665,36.9609392639,15.3849627455,2,0,16.7306389704,2.05463987356,3.44095732671,14.1837886656,-9999
8013500,0.343380389164,0.616812921277,-9999,-9999,-9999,0.00953834414346,-9999,10.4826402137,48.40391708,17.820806308,0,-9999,2.15248632837,4.20958921531,0.578659544703,15.3154012463,-9999
8088000,0.650492749318,0.833271452364,-9999,-9999,-9999,0.0202615973777,0.485641847094,0.537197534662,0.593951223652,0.0329913967772,32,13,45.3983896804,6.52179447739,0.080940307849,0.00159122492495,-9999
8075900,-9999,53.247734139,-9999,-9999,-9999,-9999,0.226586102719,4.30513595166,2.03927492447,9.96978851964,-9999,0,3.32326283988,25.0755287009,0.981873111782,0.679758308157,-9999
2430680,0.889914304548,1.56558998022,-9999,-9999,-9999,-9999,-9999,23.3684904417,8.45418589321,6.52603823336,-9999,-9999,25.6262359921,33.355306526,0.0164798945287,0.197758734344,-9999
7045000,0.405079921174,1.53820888986,-9999,-9999,-9999,-9999,0.0109481059777,4.48872345084,0.153273483687,0.925114955113,0,-9999,83.1508649004,8.19465732428,0.098532953799,0.870374425224,-9999
8048543,2.7533367626,5.63662452284,-9999,-9999,-9999,0.191316746532,0.0406096867639,12.8037830179,2.11170371173,0.684047612602,43,8,4.53204104286,19.6352347691,0.134463185063,0.0640730613387,-9999
2335757,0.514258999532,14.3525011688,-9999,-9999,-9999,-9999,-9999,26.4375876578,12.8798503974,20.5703599813,-9999,-9999,9.11640953717,14.8200093502,0.070126227209,1.23889668069,-9999
2300000,1.15266393443,2.17725409836,-9999,-9999,-9999,0.102459016393,0.742827868852,-9999,10.1178278689,0.435450819672,41,0,16.4446721311,4.07274590164,5.02049180328,18.9293032787,-9999
2387600,0.23023791251,6.63852647736,-9999,-9999,-9999,-9999,-9999,14.6968534152,26.2471220261,25.594781274,-9999,-9999,8.32693783576,17.4597083653,0.0767459708365,0.729086722947,-9999
2317500,0.893759930666,0.801675574173,-9999,-9999,-9999,0.0397226635852,0.0505561172902,5.60089556551,28.7880976455,4.47421638018,0,0,32.3198035534,11.1476238625,1.00570561895,14.8147479416,-9999
2376100,0.657894736842,44.298245614,-9999,-9999,-9999,0.877192982456,-9999,4.38596491228,26.9736842105,8.77192982456,-9999,-9999,3.72807017544,5.70175438596,0.219298245614,4.38596491228,-9999
7355500,2.02732119329,0.999082647112,-9999,-9999,-9999,0.0432138479403,0.293280372163,13.88642038,5.47087314925,5.98868622013,23,7,24.2892308222,14.2442884203,0.403377063596,2.01251014001,-9999
2341505,2.80216594538,8.39303832854,-9999,-9999,-9999,0.0735096183712,0.00207069347524,30.2502433065,20.0707141822,22.6580456795,-9999,-9999,5.88749922349,7.85828173855,0.0704035781583,1.93402770588,-9999
8164800,-9999,4.69774217043,-9999,-9999,-9999,-9999,0.582665695557,6.62782228696,1.93008011653,0.364166059723,11,8,38.2374362709,27.1303714494,0.546249089585,-9999,-9999
2397500,0.337054982094,3.60227512113,-9999,-9999,-9999,-9999,-9999,22.0771013272,28.9235306509,20.4339582894,-9999,-9999,7.18348430588,17.4425953234,-9999,-9999,-9999
8128400,-9999,0.240447101638,-9999,-9999,-9999,-9999,0.355564632924,0.189386906309,0.052916929704,-9999,18,70,10.6985034721,0.177318132868,0.00649857031453,-9999,-9999
2341500,2.80217503884,8.36561367167,-9999,-9999,-9999,0.0735370274469,0.00207146556189,30.2584153288,20.078197825,22.6649404454,-9999,-9999,5.88917659244,7.86069394096,0.0704298291041,1.9347488348,-9999
8164000,0.317731164132,0.932599805831,-9999,-9999,-9999,0.0941425671501,0.164749492513,16.6132211468,11.0499838192,0.270659880557,28,14,4.6188697008,22.7266041011,1.28563443264,0.214762731311,-9999
8083240,0.64099378882,0.975569358178,-9999,-9999,-9999,0.00993788819876,0.32298136646,1.12463768116,0.965631469979,0.0612836438923,21,18,42.4728778468,14.3022774327,0.0894409937888,0.00331262939959,-9999
7343450,1.17852519479,1.56444639848,-9999,-9999,-9999,0.00854888742337,0.0830463349698,20.613810117,0.310202486505,1.02342395154,0,0,16.910920593,50.4665249994,2.19217898928,5.60562761046,-9999
7383000,0.642201834862,17.6146788991,-9999,-9999,-9999,-9999,-9999,1.52905198777,0.550458715596,3.08868501529,-9999,-9999,61.5596330275,9.7247706422,-9999,5.29051987768,-9999
7335790,1.86131638925,0.338421161682,-9999,-9999,-9999,0.0103598314801,0.00345327716002,66.4790386076,2.5657849299,14.1100904759,1,-9999,1.53325505905,11.3129359762,0.00690655432005,0.397126873403,-9999
2476000,2.51307826444,0.851369371218,-9999,-9999,-9999,-9999,-9999,26.40270797,17.3043389066,27.9515847779,-9999,-9999,10.1651451431,8.71884295825,0.605190275926,5.48774233255,-9999
8106500,1.54998997925,1.90937840748,-9999,-9999,-9999,0.0876391441256,0.685147882564,9.70348756237,10.0693300361,0.00543498568221,30,28,11.7178291308,6.2675575514,0.0360067801446,0.022079629334,-9999
2443500,0.216106702684,0.543643423941,-9999,-9999,-9999,0.0405200067533,-9999,34.4048624008,13.2703022117,25.622150937,-9999,-9999,9.98480499747,8.21205470201,0.222860037143,7.48269458045,-9999
7035500,-9999,-9999,-9999,-9999,-9999,-9999,-9999,54.8192771084,-9999,17.4698795181,5,-9999,1.20481927711,21.686746988,-9999,-9999,-9999
8158970,0.701139351446,45.0482033304,-9999,-9999,-9999,-9999,0.525854513585,14.6362839614,17.5284837862,-9999,4,14,0.613496932515,2.36634531113,0.0876424189308,-9999,-9999
2404500,0.417739350075,4.31340166124,-9999,-9999,-9999,0.233156846554,-9999,37.5576820324,16.4569874192,24.3066012532,-9999,-9999,7.76218001652,8.59765871667,0.0388594744256,0.315733229708,-9999
2294650,9.72340167415,22.1642605847,-9999,-9999,-9999,0.843139633629,0.570180759432,0.175906830038,5.05883780177,0.0970520441587,14,1,24.0931699624,4.47045978406,6.86036637147,10.9426179789,-9999
8022070,5.05050505051,1.5477354187,-9999,-9999,-9999,1.98761811665,0.276963180189,23.9654610622,7.10329097426,20.8699902248,0,-9999,2.03649397198,31.6226783969,1.75953079179,3.38872596937,-9999
2359450,4.055916519,3.32742665879,-9999,-9999,-9999,-9999,-9999,2.658003544,41.8389446741,23.6660759992,-9999,-9999,7.89525497145,0.689112029927,1.33884622957,14.5304193739,-9999
8162000,0.622844149751,1.15975505588,-9999,-9999,-9999,0.0308786788738,0.753462680052,3.0305790583,7.8598554832,0.00469768398451,26,42,15.1646967903,3.1432661851,0.0635906002781,0.00968181211441,-9999
2294655,9.62043447123,22.1651945572,-9999,-9999,-9999,0.931009787539,0.578897111482,0.173072332299,5.04893769396,0.0954881833373,14,1,23.9436619718,4.45810455956,6.8154690857,10.9632370494,-9999
7274000,1.82945116465,1.38958312506,-9999,-9999,-9999,-9999,-9999,33.6099170249,19.3341997401,10.3968809357,-9999,-9999,13.6858942317,15.6153154054,0.259922023393,3.8788363491,-9999
2306950,4.39189189189,44.481981982,-9999,-9999,-9999,0.788288288288,-9999,-9999,7.65765765766,-9999,8,2,13.0630630631,2.02702702703,4.39189189189,13.5135135135,-9999
8026000,5.23433135783,1.92723817107,-9999,-9999,-9999,0.290867530066,0.138691802416,21.9460514572,12.7127731297,18.0036085552,0,0,4.56527182951,27.830179593,1.08352970637,6.17820612427,-9999
8066170,0.293378038558,1.04777870914,-9999,-9999,-9999,-9999,0.125733445096,18.8181056161,28.8767812238,35.7921207041,0,-9999,0.125733445096,14.2917015926,0.293378038558,0.251466890193,-9999
2342933,0.258676438888,0.0215563699073,-9999,-9999,-9999,-9999,-9999,25.0485018323,31.3645182151,28.842422936,-9999,-9999,6.38068549256,1.85384781203,0.172450959258,6.05733994395,-9999
2442000,0.111669458403,0.800297785222,-9999,-9999,-9999,0.148892611204,-9999,36.1622929462,14.1075749116,24.8650660711,-9999,-9999,10.9808300763,11.7439047087,0.0186115764005,1.06085985483,-9999
8067525,5.15097690941,30.3730017762,-9999,-9999,-9999,-9999,0.355239786856,15.8081705151,0.177619893428,0.532859680284,-9999,-9999,3.01953818828,42.8063943162,1.77619893428,-9999,-9999
7313000,1.20850543063,0.917852225792,-9999,-9999,-9999,-9999,-9999,6.54734587731,0.474223649992,0.122380296772,55,2,20.0703686706,13.6759981643,0.0764876854826,-9999,-9999
2400100,0.286341509974,0.649040755942,-9999,-9999,-9999,0.0286341509974,-9999,36.7471604467,23.8236136299,24.6921828768,-9999,-9999,7.19671661735,6.47131812542,0.00954471699914,0.0954471699914,-9999
7037000,0.119932837611,0.575677620533,-9999,-9999,-9999,0.143919405133,-9999,85.3681938115,0.167905972655,7.29191652675,1,-9999,1.10338210602,4.29359558647,-9999,-9999,-9999
8051500,0.934579439252,0.204951631415,-9999,-9999,-9999,-9999,0.0081980652566,12.2970978849,1.77078209543,1.37727496311,42,6,9.95245122151,25.5041810133,0.0081980652566,-9999,-9999
2310300,1.21193758521,6.21118012422,-9999,-9999,-9999,0.318133616119,0.0302984396304,-9999,31.4194818967,0.454476594455,20,2,23.0874109983,1.12104226632,5.13558551735,9.65005302227,-9999
7077380,0.272351299553,0.359772704348,-9999,-9999,-9999,0.00336236172287,0.0437107023974,14.2967620457,0.504354258431,3.81291819374,-9999,-9999,74.8663461215,4.17269089809,0.0100870851686,1.65764432938,-9999
2405800,0.0325839035516,0.0977517106549,-9999,-9999,-9999,-9999,-9999,50.7005539264,18.8660801564,25.6761159987,-9999,-9999,1.9550342131,2.67188009123,-9999,-9999,-9999
7346140,0.693412580485,0.247647350173,-9999,-9999,-9999,-9999,0.0495294700347,42.1000495295,17.9296681526,21.3472015849,-9999,-9999,1.04011887073,11.0450718177,0.693412580485,4.8538880634,-9999
7336500,1.13537564568,0.497792325133,-9999,-9999,-9999,0.00681907294703,0.00170476823676,56.3920285037,4.02154827051,19.3303670366,4,0,1.07059445268,13.3142399291,0.00681907294703,0.363115634429,-9999
7281000,3.42717990738,0.962556505888,-9999,-9999,-9999,0.0248579872396,0.00782566264949,22.388300174,8.32880672455,6.68081423718,-9999,-9999,34.1788117882,18.9256746182,0.244436874522,4.83073552022,-9999
2458450,0.217864923747,77.0515613653,-9999,-9999,-9999,1.45243282498,-9999,9.15032679739,2.46913580247,8.35148874365,-9999,-9999,0.871459694989,0.290486564996,-9999,0.145243282498,-9999
2331600,0.312095607825,0.586130775672,-9999,-9999,-9999,0.0228362639872,-9999,43.3812894877,13.6941463043,28.7508563599,-9999,-9999,3.82126817386,9.42376493872,-9999,0.00761208799574,-9999
7032260,-9999,83.9160839161,-9999,-9999,-9999,-9999,-9999,0.699300699301,5.59440559441,1.3986013986,-9999,-9999,4.8951048951,2.0979020979,-9999,1.3986013986,-9999
7365000,2.76986283215,0.967464051421,-9999,-9999,-9999,0.00662646610563,-9999,17.314955934,38.2413358956,24.339010006,-9999,-9999,5.28129348618,5.80478430853,-9999,5.27466702008,-9999
8068325,0.530973451327,8.2005899705,-9999,-9999,-9999,-9999,1.35693215339,2.18289085546,8.55457227139,12.9793510324,0,0,1.82890855457,62.2418879056,1.1209439528,0.648967551622,-9999
2301738,8.26446280992,18.1818181818,-9999,-9999,-9999,-9999,-9999,-9999,10.7438016529,0.826446280992,37,-9999,5.78512396694,5.78512396694,4.13223140496,9.09090909091,-9999
2467000,1.40040217482,1.86824778106,-9999,-9999,-9999,0.200303746997,0.00219425074957,26.8620176763,15.4105364786,20.4005761476,0,0,14.1684338222,12.3740069056,0.31675576892,6.99542812183,-9999
2341800,0.445418552036,0.74943438914,-9999,-9999,-9999,0.0141402714932,-9999,32.0913461538,29.9561651584,23.0839932127,-9999,-9999,6.17929864253,1.1382918552,0.183823529412,6.15808823529,-9999
7315500,1.14869998258,0.731893440892,-9999,-9999,-9999,0.00715150505527,0.589704693322,0.796845933865,0.296408850703,0.23145635773,34,15,41.250638377,5.60846267041,0.135710325343,0.0126203030387,-9999
8015000,1.23820156298,4.37430224297,-9999,-9999,-9999,0.0101491931391,0.274028214757,9.92591089008,26.5807368314,14.371257485,0,-9999,4.37430224297,26.1341723333,1.22805236984,11.4584390541,-9999
8075605,-9999,80,-9999,-9999,-9999,-9999,-9999,8.29268292683,0.975609756098,0.975609756098,-9999,2,2.92682926829,4.39024390244,-9999,-9999,-9999
2423800,0.427631578947,1.29934210526,-9999,-9999,-9999,1.85855263158,-9999,24.5230263158,19.3256578947,29.375,-9999,-9999,7.91118421053,14.2105263158,0.0328947368421,1.03618421053,-9999
8055700,0.249376558603,98.5037406484,-9999,-9999,-9999,-9999,-9999,0.249376558603,-9999,-9999,-9999,-9999,-9999,0.997506234414,-9999,-9999,-9999
8095200,0.868731901419,1.15414262203,-9999,-9999,-9999,0.0958313368471,0.681235807587,9.39563759088,10.8601904127,0.00416657986292,35,30,7.11026853607,5.29155642591,0.0458323784921,-9999,-9999
2368000,0.394133474817,0.788266949634,-9999,-9999,-9999,0.00378974495016,-9999,9.45541365066,36.8363209156,21.0747716679,-9999,-9999,15.5606927654,9.10675711525,0.102323113654,6.67753060219,-9999
2357000,0.6009916362,0.54089247258,-9999,-9999,-9999,-9999,-9999,12.3053037512,11.2736014424,10.8879651425,0,-9999,38.488506035,12.2502128512,0.636049481645,13.0114689237,-9999
8087300,1.34069931954,1.27838038132,-9999,-9999,-9999,0.0113689954861,0.307805025938,1.61229198949,2.15084551641,0.0677928990096,36,20,25.5478171529,11.2456208314,0.154955197736,0.00210536953446,-9999
8110200,1.34599959162,1.15368886148,-9999,-9999,-9999,0.0461030895506,0.514037747197,6.13299805232,4.51546998531,0.0491454254092,29,16,30.3813509492,10.705511835,0.106013703383,0.00631869755262,-9999
7311800,0.265159747881,0.32601608346,-9999,-9999,-9999,-9999,1.69963051511,0.0173875244512,0.291241034558,0.330362964573,43,45,4.62508150402,3.8035209737,-9999,-9999,-9999
7268000,0.94191522763,1.08504940438,-9999,-9999,-9999,0.013851694524,-9999,26.8815218395,10.7489149506,7.66460430326,-9999,-9999,24.1250346292,26.613722412,0.175454797304,1.74993074153,-9999
8164450,1.04694912482,0.335350891543,-9999,-9999,-9999,0.00817929003762,0.212661540978,24.4642565025,11.745460494,0.466219532145,9,10,20.0229020121,17.3564534598,4.09782430885,0.940618354327,-9999
8093360,1.32802124834,2.05843293493,-9999,-9999,-9999,0.21817491937,0.597609561753,12.891291975,1.71694175678,-9999,3,0,31.7397078353,46.3289698349,0.0379434642383,-9999,-9999
8088610,0.79622103365,0.83271407296,-9999,-9999,-9999,0.0194697500227,0.467885615728,0.855241898902,1.13087647514,0.0374104620855,32,13,43.8345621702,6.66395517268,0.0826699856984,0.00417937042372,-9999
8093400,0.193423597679,0.580270793037,-9999,-9999,-9999,-9999,1.35396518375,5.99613152805,1.74081237911,-9999,5,-9999,22.2437137331,63.0560928433,-9999,-9999,-9999
8163500,0.29246344207,1.28233970754,-9999,-9999,-9999,0.0224971878515,0.0899887514061,7.98650168729,2.2272215973,-9999,39,19,8.34645669291,21.3498312711,0.134983127109,-9999,-9999
2336030,-9999,64.9122807018,-9999,-9999,-9999,-9999,-9999,8.77192982456,8.77192982456,8.77192982456,-9999,-9999,8.77192982456,-9999,-9999,-9999,-9999
2449882,0.612244897959,2.04081632653,-9999,-9999,-9999,-9999,-9999,39.7959183673,9.38775510204,19.5918367347,-9999,-9999,9.79591836735,18.7755102041,-9999,-9999,-9999
2465200,7.69230769231,0.641025641026,-9999,-9999,-9999,-9999,-9999,61.5384615385,8.97435897436,19.8717948718,-9999,-9999,0.641025641026,0.641025641026,-9999,-9999,-9999
2327500,0.931998619261,2.14014497756,-9999,-9999,-9999,0.03451846738,0.129444252675,4.22419744563,21.1080428029,4.98360372799,1,0,44.1663790128,10.0146703486,0.491888160166,10.7870210563,-9999
2303330,1.16094652033,22.6225972213,-9999,-9999,-9999,0.291822622597,0.101503520903,0.190319101694,8.73564676775,0.926219628243,19,1,14.2422127768,6.12827507454,7.72061155871,18.1183784813,-9999
8061000,6.22062049514,2.25634597305,-9999,-9999,-9999,-9999,0.0564086493262,11.519899718,4.45628329677,1.7173299906,7,0,22.0745847697,43.6790974616,0.410529614541,0.347853337512,-9999
2387500,0.606407150488,2.19991874445,-9999,-9999,-9999,0.087274478234,-9999,34.601321155,22.2218878372,25.47511925,-9999,-9999,3.82051552131,10.9047955821,0.00601892953338,0.0767413515506,-9999
2301800,3.37584396099,50.8627156789,-9999,-9999,-9999,0.300075018755,0.150037509377,0.0750187546887,7.05176294074,0.150037509377,10,2,13.2033008252,3.22580645161,3.00075018755,6.30157539385,-9999
2364570,0.367647058824,0.183823529412,-9999,-9999,-9999,-9999,-9999,4.87132352941,55.4227941176,16.4522058824,-9999,-9999,15.625,3.58455882353,0.183823529412,3.30882352941,-9999
2301802,3.40579710145,51.0144927536,-9999,-9999,-9999,0.289855072464,0.144927536232,0.0724637681159,6.88405797101,0.144927536232,10,2,12.8260869565,3.26086956522,3.04347826087,6.23188405797,-9999
8023000,0.0999000999001,0.274725274725,-9999,-9999,-9999,-9999,0.0749250749251,24.2257742258,18.4565434565,30.6193806194,-9999,-9999,3.54645354645,14.1608391608,0.024975024975,8.51648351648,-9999
8083420,-9999,53.2945736434,-9999,-9999,-9999,-9999,0.193798449612,0.387596899225,0.387596899225,-9999,12,6,17.2480620155,10.2713178295,-9999,-9999,-9999
2376033,0.372163775285,0.570728535266,-9999,-9999,-9999,0.0580598713393,0.0104507768411,10.7828793051,38.9935901902,24.7538261455,0,-9999,11.328061497,6.61127754941,0.253721637753,6.26349892009,-9999
8099300,0.45682551057,0.734503762092,-9999,-9999,-9999,0.00895736295235,0.376209243999,9.39627373701,2.91114295951,-9999,27,44,14.1795055536,1.16445718381,-9999,0.0895736295235,-9999
8065800,0.255586388199,1.77449978093,-9999,-9999,-9999,-9999,0.211771578794,7.99620271652,0.540382649335,3.62932671243,0,0,1.32904921864,75.06207098,1.94245655031,7.14911640134,-9999
7377000,0.524805248052,0.254202542025,-9999,-9999,-9999,-9999,0.0164001640016,15.7072570726,32.2878228782,20.237802378,0,-9999,11.4227142271,17.4825748257,0.0369003690037,2.0172201722,-9999
8160400,0.585385844167,1.16205743517,-9999,-9999,-9999,0.0197837098813,0.761613950342,2.55498369905,7.73984657026,0.00459264693673,27,43,15.3357313231,2.33506656688,0.0325606891797,0.00147200222331,-9999
8075730,0.262467191601,76.9028871391,-9999,-9999,-9999,-9999,-9999,7.08661417323,3.93700787402,0.262467191601,-9999,-9999,5.51181102362,6.03674540682,-9999,-9999,-9999
8057300,2.00919874122,65.1174049867,-9999,-9999,-9999,-9999,0.121036068748,2.10602759622,2.90486564996,0.290486564996,3,0,11.7162914549,12.9992737836,-9999,-9999,-9999
7037500,0.450095359186,1.42657342657,-9999,-9999,-9999,0.0203432930706,0.0101716465353,65.7876668786,0.638270820089,10.9701207883,3,-9999,2.7972027972,14.3064208519,0.0737444373808,0.376350921805,-9999
8046000,1.69084446152,3.83322125084,-9999,-9999,-9999,-9999,0.0192141416082,13.9975021616,1.71966567394,1.27774041695,35,3,7.20530310308,32.174080123,-9999,-9999,-9999
8049700,0.345489443378,7.71593090211,-9999,-9999,-9999,-9999,0.0383877159309,10.8253358925,5.48944337812,3.7236084453,8,0,7.10172744722,56.4683301344,-9999,-9999,-9999
2301350,-9999,17.2413793103,-9999,-9999,-9999,0.287356321839,-9999,-9999,13.2183908046,0.574712643678,11,1,33.6206896552,10.3448275862,1.4367816092,11.2068965517,-9999
8033000,1.9867901946,2.45844230684,-9999,-9999,-9999,0.0381222571923,0.149829336407,24.3202269604,9.67241455738,20.3705838025,0,0,2.71909215834,32.3746619974,1.08692761204,4.79897158562,-9999
2380000,0.235171152339,0.522602560753,-9999,-9999,-9999,0.156780768226,-9999,54.847138751,15.4429056702,25.2417036843,-9999,-9999,0.522602560753,3.03109485236,-9999,-9999,-9999
2423500,1.19987369751,9.17798126513,-9999,-9999,-9999,0.347331859804,-9999,36.4908956952,14.3353331228,29.5021576676,-9999,-9999,2.9470582044,5.6204610041,0.0315756236186,0.347331859804,-9999
2293694,17.7812745869,24.2328874902,-9999,-9999,-9999,0.393391030685,-9999,0.393391030685,2.83241542093,0.157356412274,9,0,25.2557041699,2.36034618411,7.31707317073,10.3855232101,-9999
7029000,0.747002162375,2.90937684293,-9999,-9999,-9999,0.0393159032829,0.00655265054715,22.1086429461,1.80197890047,5.65493742219,-9999,-9999,38.1036629317,24.5789922023,-9999,4.04953803814,-9999
2323000,0.900140072817,1.52498220386,-9999,-9999,-9999,0.181916063469,0.0520489157752,2.34832461174,38.200842478,2.82467424778,4,0,22.1891671918,4.73466534333,2.50447135906,20.4743595304,-9999
2343300,0.214627703484,0.70992240383,-9999,-9999,-9999,0.0165098233449,-9999,18.9367673766,20.0924550107,26.613835232,0,-9999,20.6207693578,7.66055803203,0.0330196466898,5.08502559023,-9999
8200000,0.125439036628,-9999,-9999,-9999,-9999,-9999,1.12895132965,5.36879076769,58.0030105369,-9999,15,18,2.00702458605,1.12895132965,-9999,-9999,-9999
7036100,0.470871660096,1.85428529712,-9999,-9999,-9999,0.00730033581545,0.0109505037232,61.3264710177,0.613228208498,10.6438896189,4,-9999,3.23404876624,17.6120601548,0.0693531902468,0.434369981019,-9999
8098290,1.22930635019,0.995894743189,-9999,-9999,-9999,0.037662188181,0.463612923533,3.26071551894,3.04648735498,0.064362408908,31,14,36.5120428957,9.26043520577,0.07696867148,0.00321029046865,-9999
7349800,0.515070583747,0.534147272034,-9999,-9999,-9999,-9999,0.0190766882869,32.7928271652,25.3147653567,33.0789774895,-9999,-9999,2.55627623045,4.12056466997,0.0381533765738,1.03014116749,-9999
2351890,0.694582258385,1.51485083019,-9999,-9999,-9999,0.00661506912747,-9999,21.2542171066,14.0768671033,14.7317589469,-9999,-9999,26.361050473,12.7472382086,0.350598663756,8.26222134021,-9999
8033900,0.16835016835,1.11723293541,-9999,-9999,-9999,-9999,0.0459136822773,27.5788184879,9.2439546985,27.5022956841,0,-9999,2.17324762779,27.1655953474,1.59167431895,3.367003367,-9999
7022500,1.40845070423,1.40845070423,-9999,-9999,-9999,-9999,-9999,1.40845070423,-9999,-9999,-9999,-9999,60.5633802817,35.2112676056,-9999,-9999,-9999
7278500,3.30530728276,1.29610445927,-9999,-9999,-9999,0.0698643667638,-9999,22.0048664145,5.88306150473,6.95029993495,-9999,-9999,25.0427618107,30.4897733022,0.351730949914,4.60622997422,-9999
2374500,0.0822255721529,0.27408524051,-9999,-9999,-9999,0.0137042620255,-9999,9.99040701658,44.2784706044,27.2166643826,-9999,-9999,11.1552692887,5.23502809374,0.054817048102,1.69932849116,-9999
7030240,0.866119966829,0.737123376025,-9999,-9999,-9999,-9999,-9999,23.597162075,2.01787524187,9.73002856353,-9999,-9999,37.1694462361,21.7451395927,-9999,4.13710494794,-9999
7332000,1.67190860427,0.749514001262,-9999,-9999,-9999,0.00923975086714,0.447884765718,3.82872176557,0.796867724456,0.254579451524,37,12,35.7221533969,7.20712725204,0.119022580249,0.0612133494948,-9999
2368500,1.26133228222,1.69491525424,-9999,-9999,-9999,-9999,0.0197083169097,12.455656287,26.3303113914,14.3082380765,0,-9999,19.2944422546,13.1257390619,0.295624753646,11.1943240047,-9999
2392360,1.06837606838,0.128205128205,-9999,-9999,-9999,-9999,-9999,38.8034188034,22.0085470085,31.3247863248,-9999,-9999,1.66666666667,5,-9999,-9999,-9999
7348000,3.6657657453,1.02205364646,-9999,-9999,-9999,0.348255316572,0.156714892457,34.4371512715,10.5112539463,18.53929607,0,-9999,2.57557518908,23.4466677266,0.844897681074,4.40164437076,-9999
2479160,0.877434450485,0.557428945014,-9999,-9999,-9999,0.030968274723,0.00688183882733,7.5769045489,42.3198678687,23.5118023536,0,-9999,4.34932213888,12.3081687427,0.10322758241,8.34078865873,-9999
2335450,4.8815747782,3.85575095057,-9999,-9999,-9999,0.0356463878327,0.00594106463878,39.1892427123,11.8563846641,26.1327629911,-9999,-9999,3.54879594423,10.4523130545,0.00990177439797,0.0316856780735,-9999
7283000,0.64639186182,0.0953692910883,-9999,-9999,-9999,-9999,-9999,24.0754477058,12.3132351383,6.71823672777,-9999,-9999,25.4953904843,30.6241390272,-9999,0.0317897636961,-9999
8110100,0.879365865742,1.49863760218,-9999,-9999,-9999,-9999,0.718355214268,30.7158781273,5.69729997523,-9999,7,8,1.82065890513,42.9650730741,0.284864998761,-9999,-9999
7375280,1.37719969396,4.95791889824,-9999,-9999,-9999,0.0153022188217,-9999,9.54858454476,30.558530987,19.5256312165,-9999,-9999,9.05891354246,21.2394797246,0.0153022188217,3.70313695486,-9999
8068400,0.372439478585,10.4283054004,-9999,-9999,-9999,-9999,-9999,8.56610800745,16.1080074488,55.1210428305,0,0,-9999,7.2625698324,0.744878957169,1.2104283054,-9999
8014500,0.0622188187997,1.22523212405,-9999,-9999,-9999,0.081363070738,0.153154015507,13.2430362784,43.9264860726,17.6270699722,0,-9999,1.82348999713,6.56169235187,1.38317220255,13.9082990332,-9999
8088300,0.382043935053,0.477554918816,-9999,-9999,-9999,-9999,0.0955109837631,3.53390639924,0.573065902579,0.0955109837631,57,10,9.8376313276,17.7650429799,-9999,-9999,-9999
2336635,0.463678516229,35.7032457496,-9999,-9999,-9999,0.309119010819,-9999,23.4930448223,13.601236476,19.1653786708,-9999,-9999,6.33693972179,0.927357032457,-9999,-9999,-9999
2458600,0.184416781927,64.3614568926,-9999,-9999,-9999,0.922083909636,-9999,12.4942369756,4.65652374366,14.6150299677,-9999,-9999,1.47533425542,1.19870908253,-9999,0.0922083909636,-9999
7280000,2.28695921331,0.96311816948,-9999,-9999,-9999,0.0440486678254,-9999,14.9527369699,3.18102811972,5.05607276364,-9999,-9999,47.4547013024,20.2397676135,0.184528203052,5.63703897712,-9999
8114500,1.3790386972,1.21924142731,-9999,-9999,-9999,0.0634599044419,0.50687864801,7.156825489,4.46226137155,0.415398180211,27,15,28.3274018693,14.5368014073,0.264567490596,0.157235389811,-9999
7373250,0.618556701031,7.76632302405,-9999,-9999,-9999,-9999,-9999,13.676975945,40.7560137457,25.2920962199,-9999,-9999,1.51202749141,7.56013745704,-9999,2.81786941581,-9999
7275530,1.00395497414,0.790994828111,-9999,-9999,-9999,-9999,-9999,25.9507149376,5.93246121083,5.6890781868,-9999,-9999,22.7867356252,37.7547916033,-9999,0.0912686340128,-9999
2364500,0.440384929049,0.538248246616,-9999,-9999,-9999,0.0061164573479,-9999,17.071032458,22.4249714565,26.3211547871,0,-9999,19.2811123797,8.1206165389,0.114173870494,5.67811123797,-9999
7276000,1.47688838782,0.676437429538,-9999,-9999,-9999,-9999,-9999,27.9481397971,6.03156708005,5.88500563698,-9999,-9999,21.9052987599,27.7226606539,0.0789177001127,8.27508455468,-9999
2306774,5.15151515152,39.2424242424,-9999,-9999,-9999,-9999,-9999,-9999,5.15151515152,-9999,8,0,15.1515151515,2.87878787879,4.24242424242,19.5454545455,-9999
2381600,0.238663484487,-9999,-9999,-9999,-9999,0.238663484487,-9999,59.6658711217,13.3651551313,21.4797136038,-9999,-9999,0.238663484487,4.77326968974,-9999,-9999,-9999
7285000,5.02465237383,0.369323952505,-9999,-9999,-9999,-9999,0.0110797185751,27.7380754529,17.02952745,9.21647923476,-9999,-9999,18.1467324063,18.4569645264,0.110797185751,3.89636769893,-9999
2361000,0.365373805509,0.354834176504,-9999,-9999,-9999,0.00702641933671,-9999,18.3740865655,19.2945474986,24.0198145025,0,-9999,23.008010118,8.11200112423,0.140528386734,6.31323777403,-9999
7039500,1.20182037708,1.13680691,-9999,-9999,-9999,0.0185752763072,0.020432803938,66.9508683942,0.826599795672,11.2027491409,3,-9999,2.69341506455,12.4955883719,0.0965914367976,0.607411535247,-9999
2323500,0.905427330298,1.56013627516,-9999,-9999,-9999,0.179440593948,0.051339947713,2.29384892597,38.501222439,2.76438203899,4,0,22.1043397209,4.66022175867,2.47976931915,20.2057585477,-9999
8206910,0.307643625624,0.475529147036,-9999,-9999,-9999,0.00966879966247,0.404331622249,4.27053301456,20.4108360875,0.210516138106,7,41,10.1680613178,14.9927923493,0.0246114900499,0.157777230856,-9999
8014200,-9999,0.502512562814,-9999,-9999,-9999,0.29092832584,0.132240148109,10.6056598783,51.9703782068,13.5942872256,-9999,-9999,2.11584236974,5.68632636869,1.29595345147,13.8058714626,-9999
2471000,0.197160883281,0.394321766562,-9999,-9999,-9999,-9999,-9999,4.92902208202,46.5694006309,34.8186119874,-9999,-9999,3.90378548896,5.7570977918,0.118296529968,3.31230283912,-9999
2471001,0.211701308699,0.50038491147,-9999,-9999,-9999,-9999,-9999,4.83063895304,46.8822170901,34.4303310239,-9999,-9999,3.81062355658,5.65819861432,0.153964588145,3.52193995381,-9999
7367000,1.6874043708,1.05709364204,-9999,-9999,-9999,0.0595026158697,0.0131515215669,20.5769989511,37.038052805,16.3309820979,0,-9999,4.52845379806,7.66765784232,0.258058514648,10.7824834563,-9999
2309425,2.1978021978,83.7912087912,-9999,-9999,-9999,-9999,-9999,-9999,1.37362637363,-9999,1,0,5.49450549451,0.274725274725,1.37362637363,4.67032967033,-9999
7288650,1.23014563793,1.00862515907,-9999,-9999,-9999,-9999,0.0094264033558,0.881368713767,0.207380873828,0.466606966112,-9999,-9999,79.9500400622,5.41075552623,0.0047132016779,10.8309374558,-9999
2425500,0.148503541238,0.022846698652,-9999,-9999,-9999,-9999,-9999,23.8633767421,28.0100525474,33.7559972584,-9999,-9999,8.75028558373,4.37514279187,0.011423349326,1.06237148732,-9999
2388000,0.131492439185,0.0657462195924,-9999,-9999,-9999,-9999,-9999,28.7968441815,15.5161078238,31.1637080868,-9999,-9999,6.57462195924,17.7514792899,-9999,-9999,-9999
8061500,6.79815721278,2.38698531529,-9999,-9999,-9999,-9999,0.0518283904405,11.5202994529,4.36798157213,1.70745752951,6,0,21.4511949323,44.2038583357,0.452058738842,0.380074863231,-9999
8095400,1.26115041526,0.0615195324516,-9999,-9999,-9999,-9999,0.0922792986773,6.85942786835,9.75084589357,-9999,41,18,10.5198400492,11.5964318671,0.0307597662258,-9999,-9999
8131400,-9999,0.149120190874,-9999,-9999,-9999,-9999,0.0894721145243,1.99821055771,0.0298240381748,-9999,9,88,0.864897107068,-9999,-9999,-9999,-9999
2468000,0.0776397515528,0.698757763975,-9999,-9999,-9999,-9999,-9999,31.1335403727,18.0124223602,32.2593167702,-9999,-9999,8.07453416149,4.50310559006,0.116459627329,5.12422360248,-9999
7282075,0.403923831506,-9999,-9999,-9999,-9999,-9999,-9999,33.3525678015,26.0819388344,12.9255626082,-9999,-9999,15.8684362377,11.2521638777,-9999,0.115406809002,-9999
2427250,0.0462705904127,0.0185082361651,-9999,-9999,-9999,-9999,-9999,15.3340736628,30.6126226171,38.0159170831,-9999,-9999,9.51323338886,4.35868961688,0.0277623542476,2.07292245049,-9999
8159000,0.253579952267,8.9200477327,-9999,-9999,-9999,0.223747016706,0.395286396181,14.1631861575,31.4737470167,-9999,24,14,2.78937947494,3.63215990453,0.00745823389021,-9999,-9999
8110800,2.3063212286,1.15226041085,-9999,-9999,-9999,0.338476495688,0.5149163711,22.29623895,3.58641052878,6.2690167978,3,1,8.29267414436,48.6992060206,1.17026447977,1.01002826639,-9999
8183900,1.09773371105,3.611898017,-9999,-9999,-9999,-9999,0.495750708215,5.4178470255,44.4759206799,-9999,36,6,1.91218130312,1.34560906516,0.106232294618,-9999,-9999
7337900,0.19537120529,0.0676284941389,-9999,-9999,-9999,-9999,-9999,40.5770964833,15.201382627,39.9008115419,0,-9999,0.0525999398858,3.99008115419,-9999,-9999,-9999
7386000,0.192431045542,1.92431045542,-9999,-9999,-9999,-9999,-9999,5.19563822963,1.2187299551,0.256574727389,0,-9999,58.819756254,31.8152661963,0.320718409237,0.128287363695,-9999
2400500,1.56987959822,2.41551919111,-9999,-9999,-9999,0.0972859708641,0.00124725603672,31.5268908402,21.0341415552,26.0073671257,-9999,-9999,5.94899554314,10.9010177609,0.081487394399,0.416167764252,-9999
2298492,-9999,0.616016427105,-9999,-9999,-9999,-9999,-9999,-9999,3.08008213552,0.205338809035,37,1,21.3552361396,15.8110882957,8.41889117043,12.7310061602,-9999
2335350,-9999,45.3804347826,-9999,-9999,-9999,-9999,-9999,15.4891304348,14.6739130435,18.2065217391,-9999,-9999,5.16304347826,1.08695652174,-9999,-9999,-9999
8068275,0.36250647333,2.11030554117,-9999,-9999,-9999,-9999,0.414293112377,9.38632832729,13.8399792853,36.0693940963,0,0,2.04557224236,33.0528223718,0.686172967374,1.92905230451,-9999
2457000,-9999,48.6659551761,-9999,-9999,-9999,0.960512273212,-9999,18.7833511206,8.75133404482,19.2102454642,-9999,-9999,1.38740661686,1.92102454642,-9999,0.320170757737,-9999
8178000,0.170454545455,69.6022727273,-9999,-9999,-9999,2.15909090909,-9999,6.13636363636,11.7045454545,-9999,4,3,1.30681818182,1.98863636364,-9999,-9999,-9999
2370700,-9999,0.037147102526,-9999,-9999,-9999,-9999,0.037147102526,4.04903417533,48.6255572065,7.46656760773,0,-9999,23.4769687964,11.9985141159,0.18573551263,4.08618127786,-9999
2481880,1.05738773989,0.861747717533,-9999,-9999,-9999,-9999,-9999,20.393143283,20.0298118129,11.1328488914,-9999,-9999,16.9694428917,16.1496180361,0.0558971492454,13.3501024781,-9999
2344500,1.09318996416,23.0555555556,-9999,-9999,-9999,0.224014336918,-9999,17.6971326165,14.7491039427,16.6845878136,-9999,-9999,9.56989247312,10.1433691756,0.125448028674,6.65770609319,-9999
2447000,0.319699106723,0.325967716659,-9999,-9999,-9999,0.291490362012,0.00313430496787,30.9669330826,19.1506033537,29.1897821658,-9999,-9999,5.66055477198,5.11832001254,0.369847986209,8.60366713681,-9999
8129300,0.0226795940353,0.357203606055,-9999,-9999,-9999,-9999,0.198446447809,1.61592107501,0.232465838861,-9999,7,86,5.3353744968,0.136077564212,0.0113397970176,-9999,-9999
2473460,0.235515779557,-9999,-9999,-9999,-9999,-9999,-9999,21.8794159209,40.7677814414,20.3250117758,-9999,-9999,4.02731983043,5.72303344324,0.0706547338672,6.97126707489,-9999
8144600,0.076654333181,0.241755973879,-9999,-9999,-9999,-9999,0.0972920382682,0.70610433834,5.781505668,0.00147412179194,20,70,1.1896162861,1.89719474623,0.00147412179194,-9999,-9999
2303800,2.08153890324,7.70887166236,-9999,-9999,-9999,0.0717772035601,-9999,-9999,17.2408842951,0.732127476314,18,1,21.3321848981,3.22997416021,6.73270169394,22.2222222222,-9999
2313000,1.50267141585,7.66501558326,-9999,-9999,-9999,0.374276491541,0.201747551202,0.397929652716,25.5996772039,0.908559661621,16,2,16.1189336598,2.58793410508,6.44479073909,19.9590939448,-9999
2388300,7.27272727273,-9999,-9999,-9999,-9999,4.79338842975,-9999,30.0826446281,19.8347107438,30.0826446281,-9999,-9999,3.63636363636,4.29752066116,-9999,-9999,-9999
2430000,14.4578313253,0.318922749823,-9999,-9999,-9999,-9999,-9999,28.0297661233,22.3600283487,30.3330970943,-9999,-9999,1.06307583274,3.33097094259,0.0354358610914,0.0708717221828,-9999
2407000,1.6218111182,2.63242587771,-9999,-9999,-9999,0.1140784929,0.00114940547002,33.440228042,19.3858726574,25.4070332121,-9999,-9999,6.25219105418,10.4173491262,0.105457951874,0.622403062016,-9999
8168500,1.14697845841,1.62832814386,-9999,-9999,-9999,0.00317722564657,0.524242231683,3.78248713224,48.0539492915,0.00794306411641,21,20,2.15257037555,1.81260723137,0.0285950308191,-9999,-9999
8068450,1.20226308345,16.7609618105,-9999,-9999,-9999,-9999,-9999,8.55728429986,15.4172560113,48.9391796322,0,0,-9999,7.00141442716,0.565770862801,0.919377652051,-9999
8158930,1.026957638,35.0449293967,-9999,-9999,-9999,-9999,0.641848523748,15.6611039795,22.5930680359,-9999,5,17,0.641848523748,2.31065468549,-9999,-9999,-9999
2319500,0.820267739862,1.30795673682,-9999,-9999,-9999,0.154062211788,0.0513540705961,3.02220452195,35.6278471815,3.36805846678,1,0,21.9512450742,5.78973477544,2.9111120427,23.8852323859,-9999
2382000,0.112612612613,0.225225225225,-9999,-9999,-9999,-9999,-9999,29.2792792793,28.0405405405,22.1846846847,-9999,-9999,3.49099099099,16.6666666667,-9999,-9999,-9999
8110400,1.32363186005,1.52488582708,-9999,-9999,-9999,0.147070206672,0.394767396857,15.5817013701,2.43826921588,0.216735041412,6,1,8.36752070594,63.2092267203,0.394767396857,0.0619242975462,-9999
7277700,1.48691514671,0.178429817605,-9999,-9999,-9999,-9999,-9999,22.9777954005,6.02696272799,5.31324345757,-9999,-9999,25.3568596352,37.9262490087,0.0594766058684,0.674068199841,-9999
8053500,1.14727371536,0.163033633235,-9999,-9999,-9999,-9999,0.0362296962744,15.3795060685,2.20397319002,1.16538856349,42,6,6.99233138096,24.6663848801,0.0181148481372,-9999,-9999
2359315,1.92897851819,7.71591407278,-9999,-9999,-9999,-9999,0.043840420868,2.76194651469,41.3415168786,9.55721174923,-9999,-9999,1.57825515125,0.350723366944,1.75361683472,32.9679964928,-9999
8105300,0.312607057211,1.49451867078,-9999,-9999,-9999,0.428228845495,0.46676944159,8.93285371703,26.9655704008,-9999,34,21,3.74700239808,2.9376498801,0.0214114422748,-9999,-9999
8152000,0.174325360853,0.153406317551,-9999,-9999,-9999,0.0418380866048,0.48811101039,6.09441461544,43.1838783906,-9999,15,33,0.878599818702,0.641517327941,0.0209190433024,-9999,-9999
8160500,0.586567326887,1.16188156357,-9999,-9999,-9999,0.0209237145982,0.76099022505,2.6852100401,7.75560632471,0.0045715678954,27,43,15.2917187806,2.4467851914,0.0329387327848,0.00146524612032,-9999
2488500,1.75480187721,2.43359620688,-9999,-9999,-9999,0.0241908171658,0.0120954085829,20.9956940345,24.6610866515,13.3368813199,-9999,-9999,9.72083796991,15.8706275098,0.0624123082878,11.1277758963,-9999
2358789,0.579696702685,1.29852061401,-9999,-9999,-9999,-9999,-9999,11.0374252191,10.0449844641,9.78528034133,0,-9999,35.8530816677,16.0320920095,0.315355006261,15.0442888281,-9999
2462800,0.906666666667,0.48,-9999,-9999,-9999,1.06666666667,-9999,34.56,17.3333333333,38.3466666667,-9999,-9999,4.37333333333,2.93333333333,-9999,-9999,-9999
8189700,0.0396432111001,3.03270564916,-9999,-9999,-9999,-9999,0.128840436075,12.2596630327,6.67988107037,-9999,16,23,21.585728444,17.4033696729,0.406342913776,0.01982160555,-9999
8047000,2.45415921288,2.96847048301,-9999,-9999,-9999,0.00559033989267,0.016771019678,9.63774597496,4.18716457961,1.22987477639,43,2,5.58474955277,28.8070214669,-9999,-9999,-9999
2414715,0.887570495609,1.15137942759,-9999,-9999,-9999,0.0140698097058,-9999,36.0022980689,18.682362321,23.2972599046,-9999,-9999,8.1417298831,10.8701004819,0.030484587696,0.922745019874,-9999
8038000,0.494170704793,0.57093508612,-9999,-9999,-9999,0.0143933214988,0.0623710598282,29.3479825361,10.5359113371,29.8565465624,0,0,1.53048985271,21.7387132371,0.973948088087,4.8505493451,-9999
7287000,3.47019472442,0.866358628043,-9999,-9999,-9999,0.0215796288304,0.00856838203559,23.3285308081,10.221762421,7.59952017061,-9999,-9999,30.4666277387,18.1303790398,0.207862601234,5.67861585722,-9999
2328000,1.1240632806,1.41548709409,-9999,-9999,-9999,0.0832639467111,-9999,3.41382181515,21.2739383847,8.78434637802,4,0,39.3005828476,3.33055786844,1.62364696087,15.2789342215,-9999
8095600,2.01296436254,1.3124236963,-9999,-9999,-9999,0.0668565781059,0.592988779722,9.48927387943,9.89477355968,0.00290680774374,33,25,10.4659612813,8.064938085,0.0421487122842,-9999,-9999
2315500,0.526680385485,0.290336382714,-9999,-9999,-9999,0.183370346977,0.00713106904912,0.445182453495,49.5762107537,0.638740041971,0,0,2.30944764777,0.24653124427,5.31774006235,39.9441739166,-9999
7029380,0.839694656489,2.54452926209,-9999,-9999,-9999,-9999,-9999,50,10.5597964377,11.0432569975,-9999,-9999,13.2315521628,11.7557251908,-9999,0.0254452926209,-9999
8023400,0.0594177064765,2.16874628639,-9999,-9999,-9999,-9999,-9999,20.9150326797,24.5395127748,34.5811051693,-9999,-9999,5.8229352347,6.8330362448,-9999,5.08021390374,-9999
8173900,0.822146483967,2.00111288864,-9999,-9999,-9999,0.0918133129304,0.414551018989,11.2826041594,31.5886485359,0.00625999860889,21,15,7.16630729638,11.0224664395,0.057731098282,-9999,-9999
2429980,-9999,-9999,-9999,-9999,-9999,-9999,-9999,35.3658536585,20.7317073171,42.6829268293,-9999,-9999,-9999,1.21951219512,-9999,-9999,-9999
7311900,0.307829344651,0.166358837322,-9999,-9999,-9999,-9999,1.34658964383,0.0406072752518,0.25674277256,0.250193212035,35,37,21.1275723399,4.68686551132,0.0432270994616,-9999,-9999
7023500,0.457217504899,0.261267145656,-9999,-9999,-9999,-9999,-9999,12.9980404964,0.195950359242,1.63291966035,-9999,-9999,41.9333768779,42.5212279556,-9999,-9999,-9999
8022765,0.110405741099,0.276014352746,-9999,-9999,-9999,-9999,0.0276014352746,24.3444659122,18.9897874689,29.3955285675,-9999,-9999,3.75379519735,14.3803477781,0.0276014352746,8.69445211151,-9999
7377240,-9999,0.850340136054,-9999,-9999,-9999,-9999,-9999,19.4727891156,22.1088435374,11.3945578231,1,-9999,18.112244898,27.2108843537,-9999,0.0850340136054,-9999
2366996,0.124921923798,1.74890693317,-9999,-9999,-9999,-9999,-9999,20.2373516552,30.1686445971,28.6071205497,-9999,-9999,1.06183635228,1.74890693317,0.312304809494,15.9900062461,-9999
2298760,1.02564102564,1.28205128205,-9999,-9999,-9999,-9999,-9999,-9999,4.61538461538,-9999,43,2,4.35897435897,23.0769230769,7.4358974359,13.0769230769,-9999
7375500,1.17177295966,1.99649214464,-9999,-9999,-9999,0.0709034593425,0.100757547487,6.73209687652,28.5591670709,22.8719632795,0,-9999,5.87379184237,29.5144978916,0.0149270440721,3.08616636191,-9999
8161000,0.60538914819,1.15830160458,-9999,-9999,-9999,0.0239843910739,0.75495927855,2.91297653806,7.84191338803,0.00450790964762,26,42,15.1252505357,2.88026529626,0.0362944520347,0.0016760176895,-9999
2447500,1.36522440204,0.897608169847,-9999,-9999,-9999,-9999,-9999,27.8742273582,23.6656812685,12.5880139747,-9999,-9999,12.8675087342,8.82558452029,0.343993550121,11.572158022,-9999
7273100,1.86464088398,1.38121546961,-9999,-9999,-9999,-9999,-9999,30.8011049724,14.7099447514,9.87569060773,-9999,-9999,18.5773480663,22.6519337017,0.138121546961,-9999,-9999
8067650,7.49881097078,2.38862759605,-9999,-9999,-9999,0.00528457432754,0.147968081171,6.53173386884,21.1805739048,26.8614913069,0,0,1.14146805475,28.9700364636,1.8813084606,3.30285895471,-9999
7361600,1.26901269013,0.362253622536,-9999,-9999,-9999,0.0540005400054,0.049500495005,33.1990819908,19.7484474845,21.4179641796,-9999,-9999,2.61227612276,16.8774187742,0.508505085051,3.90153901539,-9999
8170500,0.146986771191,2.79274865262,-9999,-9999,-9999,-9999,0.440960313572,17.7364037237,47.3787359138,-9999,11,16,0.342969132778,4.06663400294,-9999,-9999,-9999
2353400,0.676931245023,0.477833820016,-9999,-9999,-9999,0.0132731616671,-9999,18.1311388373,15.3437748872,14.8393947438,-9999,-9999,30.9928324927,10.605256172,0.159277940005,8.76028670029,-9999
8090500,1.26008064516,0.756048387097,-9999,-9999,-9999,0.0042002688172,0.126008064516,11.1391129032,21.7615927419,0.247815860215,31,19,3.43161962366,11.4373319892,0.00840053763441,-9999,-9999
2305851,6.63129973475,52.2546419098,-9999,-9999,-9999,0.26525198939,-9999,-9999,12.4668435013,-9999,2,1,14.0583554377,0.53050397878,2.6525198939,8.48806366048,-9999
2297155,0.33422459893,2.67379679144,-9999,-9999,-9999,1.40374331551,-9999,-9999,8.55614973262,1.00267379679,45,0,9.02406417112,6.01604278075,7.41978609626,18.5160427807,-9999
2300700,0.542635658915,7.98449612403,-9999,-9999,-9999,0.077519379845,-9999,-9999,10.4651162791,0.232558139535,22,0,31.0852713178,12.6356589147,2.94573643411,11.1627906977,-9999
2301793,12.5,60.4166666667,-9999,-9999,-9999,-9999,-9999,-9999,-9999,2.08333333333,2,-9999,16.6666666667,-9999,2.08333333333,4.16666666667,-9999
2479300,0.668732670038,0.755722285652,-9999,-9999,-9999,0.0706790626869,0.0108737019518,4.1537541456,37.1119447616,22.2421573425,0,-9999,6.82324797477,12.0426249117,0.206600337085,15.9027891046,-9999
8083230,0.738416097471,1.03173138063,-9999,-9999,-9999,0.00205115582631,0.30562221812,1.30658626136,1.15274957439,0.053330051484,22,20,40.4569975181,12.2761676205,0.079995077226,-9999,-9999
8181800,1.04818024263,14.1518197574,-9999,-9999,-9999,0.310571923744,0.554592720971,7.38024263432,36.1913344887,0.0110918544194,10,13,7.78370883882,9.97573656846,0.0415944540728,-9999,-9999
2485700,0.841514726508,26.6479663394,-9999,-9999,-9999,-9999,-9999,13.6044880785,6.03085553997,9.81767180926,-9999,-9999,20.7573632539,22.159887798,-9999,0.140252454418,-9999
8110325,1.57900030172,0.693955546616,-9999,-9999,-9999,0.160917228201,0.341949109927,15.9006336116,2.6853062456,-9999,7,1,8.16654933119,62.3554259278,0.0201146535251,-9999,-9999
8032000,4.05129392938,3.50382177676,-9999,-9999,-9999,0.0168452970036,0.267419089933,24.4804278705,2.60049272494,13.0045692868,0,0,4.41978480133,43.1450169506,1.01914046872,3.46381419637,-9999
8193000,0.203884601316,0.257254394013,-9999,-9999,-9999,0.0251857448684,0.765766576118,1.33004719329,18.3718015603,0.0869507858552,12,62,3.20878382835,1.85954749612,0.0221874419079,0.0275843872368,-9999
2344872,1.06101602165,10.3243851275,-9999,-9999,-9999,0.136807223421,0.00304016052048,19.6637582464,18.4233727541,18.5297783723,-9999,-9999,11.2941963336,12.6835496914,0.124646581339,7.75544948773,-9999
2450180,0.702136075949,1.55755537975,-9999,-9999,-9999,0.0197784810127,-9999,25.6378560127,11.7138053797,20.8514636076,-9999,-9999,13.8202136076,25.2818433544,0.00988924050633,0.405458860759,-9999
2354800,1.17120387175,0.457350272232,-9999,-9999,-9999,0.00241984271022,0.00241984271022,16.0120992136,12.5154264973,12.1621294616,0,-9999,30.4295220811,10.7586206897,0.660617059891,15.8209316394,-9999
8022040,3.28450477086,2.94651256552,-9999,-9999,-9999,0.27886036823,0.208977287999,23.8986695337,2.72073646015,7.41634188953,0,0,7.76038166913,44.0028222013,1.60731084532,5.76333826099,-9999
8071500,1.90021103924,6.50961686941,-9999,-9999,-9999,0.0617675823139,0.286532951289,7.74840004804,16.6909733542,34.1111473328,0,0,2.37890980217,26.4313779318,1.35288162929,2.03146715166,-9999
2425000,0.627417745397,3.33802643629,-9999,-9999,-9999,0.333529258991,0.00273384638517,26.0808945145,23.933458179,28.9760378364,-9999,-9999,5.32963352789,5.93244665582,0.110720778599,5.33510122066,-9999
2307671,1.60642570281,81.9277108434,-9999,-9999,-9999,-9999,-9999,-9999,4.81927710843,0.401606425703,-9999,1,0.401606425703,1.20481927711,3.21285140562,5.22088353414,-9999
7345000,0.608389369196,0.768491834774,-9999,-9999,-9999,-9999,0.224143451809,23.9833493436,3.39417227025,7.33269292347,-9999,-9999,3.26609029779,53.5062439962,1.34486071085,5.57156580211,-9999
8180500,1.63606010017,1.26878130217,-9999,-9999,-9999,0.00370988684845,0.649230198479,4.02522723057,58.3713596735,-9999,14,17,1.75848636617,1.58041179744,0.0185494342423,-9999,-9999
8012000,0.452374968585,1.61849710983,-9999,-9999,-9999,0.00502638853983,0.135712490576,5.98642875094,24.9761246544,7.73058557426,0,0,34.003518472,6.21261623523,1.38728323699,17.1550640865,-9999
2349500,0.819694652294,3.94094535064,-9999,-9999,-9999,0.141042431791,0.00183171989339,27.5160962386,21.4118896938,17.1797008801,-9999,-9999,11.4766409921,9.7612353119,0.157527910832,7.59339481806,-9999
2448500,0.813383455341,0.745235111785,-9999,-9999,-9999,0.0131900019785,-9999,18.5363494471,22.6230517268,13.9989887665,-9999,-9999,23.1858251445,9.92987315615,0.290180043527,9.86392314626,-9999
8016600,0.202604920405,0.318379160637,-9999,-9999,-9999,-9999,0.231548480463,7.06222865412,50.5643994211,11.7221418234,-9999,-9999,3.38639652677,16.5557163531,1.53400868307,8.42257597685,-9999
2344478,0.372439478585,22.5325884544,-9999,-9999,-9999,-9999,-9999,22.1601489758,18.2495344507,22.7188081937,-9999,-9999,7.2625698324,6.70391061453,-9999,-9999,-9999
8100000,1.21394726643,1.02641679273,-9999,-9999,-9999,0.0175028442122,0.563841624264,7.71250328178,2.97423331291,0.0200032505282,31,39,13.1821420981,2.94297823396,0.0100016252641,0.0662607673747,-9999
7023000,0.378743046514,2.92342289028,-9999,-9999,-9999,0.177535803054,-9999,13.5518996331,0.449757367736,2.36714404071,-9999,-9999,34.5721387146,42.324535448,-9999,3.25482305598,-9999
2469550,-9999,0.119426751592,-9999,-9999,-9999,-9999,-9999,13.4156050955,39.1321656051,28.5828025478,-9999,-9999,10.8678343949,4.53821656051,0.0398089171975,3.30414012739,-9999
8150700,0.149864973143,0.392468172241,-9999,-9999,-9999,0.00519334065347,0.434014897469,1.592871769,21.8379974478,-9999,20,53,0.593524646111,1.94898655667,0.00519334065347,-9999,-9999
2369600,0.509316547408,1.41138071412,-9999,-9999,-9999,0.0233137856208,0.00358673624935,13.6116640663,33.1791036746,22.3292265203,0,-9999,12.2218037697,7.14119187246,0.199063861839,9.36676171518,-9999
7272500,4.92902773574,0.914435009798,-9999,-9999,-9999,0.00637236940625,0.00318618470313,32.5166079878,14.8157588695,9.07584712686,-9999,-9999,14.7106147743,18.2504659795,0.38712144143,4.39056252091,-9999
7353000,1.69932500045,0.409366300966,-9999,-9999,-9999,0.0272910867311,-9999,21.0941906373,36.2953259465,19.8478976766,0,-9999,4.87782690173,5.22533340611,1.24083474337,9.28078889435,-9999
7347000,0.177187153931,0.46511627907,-9999,-9999,-9999,-9999,0.0885935769657,33.5548172757,10.7862679956,18.7375415282,-9999,-9999,17.0099667774,16.3455149502,0.132890365449,2.70210409745,-9999
2374000,0.389986773516,0.491130475375,-9999,-9999,-9999,0.0116704271376,0.00194507118961,13.248852408,34.8158017583,27.7940947639,0,-9999,11.4049249203,5.37617676807,0.0962810238855,6.36719053917,-9999
8047500,2.16115510014,8.3278993945,-9999,-9999,-9999,0.00465766185375,0.0279459711225,8.39310666046,3.76804843968,1.13646949231,41,2,5.03959012576,27.7922682813,-9999,-9999,-9999
8062700,3.71626019481,10.5774183142,-9999,-9999,-9999,0.0676352563631,0.0399019713272,10.3351765591,3.53825778371,1.1390456354,22,3,11.9066350469,32.1595739262,0.299972266715,0.693049133193,-9999
2457595,0.187705302675,34.9131862975,-9999,-9999,-9999,1.97090567809,-9999,20.6945096199,12.4354763022,25.9971844205,-9999,-9999,1.78320037541,1.83012670108,-9999,0.187705302675,-9999
7360800,0.302358395485,0.120943358194,-9999,-9999,-9999,0.14110058456,0.14110058456,34.8115299335,24.8941745616,30.8002418867,-9999,-9999,0.645031243701,7.96210441443,0.181415037291,-9999,-9999
2405000,1.57275362501,2.68598747966,-9999,-9999,-9999,0.113306244748,0.00125895827498,33.1417618492,19.6718525256,25.417423353,-9999,-9999,6.196907369,10.601372894,0.101975620273,0.495400081203,-9999
2423397,0.434782608696,18.8405797101,-9999,-9999,-9999,1.88405797101,-9999,23.3333333333,16.8115942029,20.1449275362,-9999,-9999,5.36231884058,11.3043478261,-9999,1.88405797101,-9999
8086500,2.81244468047,0.595238095238,-9999,-9999,-9999,0.00885112409276,0.183660824925,3.59355638166,2.75048681183,0.0973623650204,52,31,3.70862099487,3.64002478315,0.0331917153478,-9999,-9999
8069500,2.37854803493,7.16430131004,-9999,-9999,-9999,0.0764192139738,0.353438864629,6.51610262009,14.6683951965,28.1154475983,0,1,3.30376637555,32.1151746725,1.79858078603,2.75791484716,-9999
2423398,0.381679389313,18.1933842239,-9999,-9999,-9999,1.65394402036,-9999,24.6819338422,16.1577608142,21.2468193384,-9999,-9999,5.21628498728,10.8142493639,-9999,1.65394402036,-9999
2398500,0.235728848114,1.89857288481,-9999,-9999,-9999,0.0382262996942,-9999,31.9699286442,18.4441896024,25.1146788991,-9999,-9999,5.56829765545,16.4245667686,0.0191131498471,0.286697247706,-9999
8189300,-9999,0.77059869591,-9999,-9999,-9999,0.213396561944,0.165975103734,11.3811499704,18.7314759929,1.04327208062,23,29,4.0901007706,10.6105512745,0.569057498518,0.0355660936574,-9999
7335400,6.29835754038,0.54296185693,-9999,-9999,-9999,-9999,0.0814442785394,22.6822315732,2.14469933487,0.583683996199,0,0,17.1711687254,43.6541332971,0.352925207004,5.98615447265,-9999
2439000,-9999,-9999,-9999,-9999,-9999,-9999,-9999,34.4827586207,3.44827586207,24.1379310345,-9999,-9999,-9999,3.44827586207,-9999,34.4827586207,-9999
2310947,0.903933070488,1.29820175017,-9999,-9999,-9999,0.326954514857,0.144244638908,-9999,13.6647754592,1.35589960573,18,0,10.039426868,4.14462929128,8.11616501587,41.234734109,-9999
8109800,1.7053481332,1.2209889001,-9999,-9999,-9999,0.221997981837,1.02926337033,38.5166498486,4.91422805247,-9999,11,7,4.10696266398,29.263370333,0.232088799193,-9999,-9999
2429500,1.60183794796,1.9465080745,-9999,-9999,-9999,0.0873749747535,0.00208558356824,28.4169542577,19.6779200365,25.586707588,0,-9999,9.11663461454,9.55361925586,0.184629029567,3.82550910193,-9999
2469800,0.0296120817293,0.0740302043234,-9999,-9999,-9999,-9999,-9999,5.58187740598,58.9576547231,29.8933965058,-9999,-9999,1.19928931004,0.814332247557,0.0148060408647,3.4350014806,-9999
8173000,0.506427736658,1.59719516946,-9999,-9999,-9999,0.101285547332,0.155823918972,22.5009738995,1.51928320997,-9999,25,10,19.5559018309,18.8157382158,0.0467471756915,-9999,-9999
2315520,5.10328068044,0.911300121507,-9999,-9999,-9999,4.92102065614,1.51883353584,0.121506682868,31.8347509113,-9999,12,2,10.9356014581,1.03280680437,4.19198055893,25.0911300122,-9999
2477500,0.919348709404,1.56391592856,-9999,-9999,-9999,0.00876962202929,-9999,20.8512379783,26.8540442574,27.5249203426,-9999,-9999,7.12824110614,8.73454354117,0.236779794791,6.17819871964,-9999
2413000,1.7481631619,3.80035469977,-9999,-9999,-9999,-9999,-9999,22.5741069166,15.986825437,17.5576387129,-9999,-9999,16.772232075,17.6589815049,0.101342791994,3.80035469977,-9999
8063048,0.806451612903,0.696480938416,-9999,-9999,-9999,-9999,0.256598240469,10.1539589443,2.34604105572,-9999,1,0,31.7448680352,52.8592375367,-9999,-9999,-9999
8130500,-9999,0.115485564304,-9999,-9999,-9999,-9999,0.314960629921,2.32020997375,0.125984251969,-9999,7,90,0.556430446194,0.0314960629921,-9999,-9999,-9999
2340500,1.32760640375,1.21046466224,-9999,-9999,-9999,-9999,-9999,33.2292073409,32.0187426786,25.0683326825,-9999,-9999,1.6399843811,3.7875829754,0.0390472471691,1.67903162827,-9999
2419890,1.95689445305,1.28560403189,-9999,-9999,-9999,0.0404017383107,0.00103594200797,31.2305437142,18.3890065834,24.6833902238,-9999,-9999,10.0030560289,8.78116243053,0.133636519028,3.49526833488,-9999
8171300,0.503247703201,0.708057814969,-9999,-9999,-9999,-9999,0.731464684885,6.73532681842,45.1225934812,0.0117034349582,34,9,2.35239042659,1.17034349582,0.0175551524372,-9999,-9999
8167500,0.297307713483,1.28833342509,-9999,-9999,-9999,0.00367046559856,0.56158123658,3.37315788508,46.2129971187,0.0091761639964,22,23,2.33992181908,1.73613022812,0.0256932591899,-9999,-9999
7375000,0.602712204922,-9999,-9999,-9999,-9999,-9999,-9999,7.45856353591,27.9758915118,25.0627825213,-9999,-9999,4.4450025113,33.0738322451,-9999,1.38121546961,-9999
7078000,5.37329553125,0.513028216552,-9999,-9999,-9999,-9999,0.0135007425408,0.985554205481,0.121506682868,0.837046037532,-9999,-9999,75.6176589712,4.75226137438,0.229512623194,11.556635615,-9999
2474560,0.942950100253,1.79321302917,-9999,-9999,-9999,0.0349941361177,0.0312109862672,14.7155071312,32.4036242576,17.3145310786,0,-9999,6.93356788862,18.2631559036,0.135247607158,7.42726894412,-9999
2298554,0.950187158077,3.8583357328,-9999,-9999,-9999,0.691045205874,-9999,-9999,8.20616181975,0.518283904405,39,0,16.1243881371,4.83731644112,6.44975525482,19.5220270659,-9999
8041500,0.269352711765,1.00446115429,-9999,-9999,-9999,-9999,0.140287870711,9.29828007071,35.7537667293,43.4022614405,0,-9999,0.221654835723,7.08173171348,0.51906512163,2.29791532224,-9999
7027720,0.658885542169,2.89282128514,-9999,-9999,-9999,0.00627510040161,0.0031375502008,26.9107680723,4.25451807229,6.03350903614,-9999,-9999,27.4127761044,22.9103915663,1.58446285141,7.33245481928,-9999
2482000,1.05711074239,0.950061553284,-9999,-9999,-9999,-9999,-9999,23.0048707381,21.4499812664,12.5515174223,-9999,-9999,15.5703045549,14.3231815019,0.0321147567307,11.060857464,-9999
8178050,0.166389351082,70.3272323905,-9999,-9999,-9999,2.10759844703,-9999,5.99001663894,11.4254021076,-9999,4,3,1.27565169163,1.94120909595,-9999,-9999,-9999
2310525,0.851063829787,55.5319148936,-9999,-9999,-9999,0.212765957447,0.212765957447,-9999,12.9787234043,0.212765957447,11,1,2.55319148936,-9999,11.914893617,3.1914893617,-9999
2482550,0.957823422646,0.659514439233,-9999,-9999,-9999,-9999,-9999,24.6859668985,23.4100670297,13.1381745647,-9999,-9999,13.6808812694,13.355616655,0.0359408413751,10.0760148795,-9999
2339000,1.39528761353,2.11925760168,-9999,-9999,-9999,0.0131630906937,-9999,21.8112412795,31.5256022114,20.4422798473,-9999,-9999,7.59510333026,9.04304330657,0.118467816243,5.93655390286,-9999
8156910,-9999,100,-9999,-9999,-9999,-9999,-9999,-9999,-9999,-9999,-9999,-9999,-9999,-9999,-9999,-9999,-9999
8075763,-9999,93.9597315436,-9999,-9999,-9999,-9999,-9999,0.335570469799,-9999,1.0067114094,-9999,-9999,-9999,4.69798657718,-9999,-9999,-9999
2330100,0.347356233115,1.09996140486,-9999,-9999,-9999,-9999,-9999,5.28753377074,44.7510613663,8.10497877267,1,0,17.6186800463,2.27711308375,0.192975685064,19.6449247395,-9999
2372422,0.530620845545,0.413769323602,-9999,-9999,-9999,0.0095779936019,0.00383119744076,15.2175162347,27.9868973048,28.4064134245,-9999,-9999,13.8038043791,5.92494684214,0.113020324502,7.58960213015,-9999
2330450,0.21436227224,0.16077170418,-9999,-9999,-9999,-9999,-9999,59.860664523,15.6484458735,23.6334405145,-9999,-9999,0.16077170418,0.32154340836,-9999,-9999,-9999
